"B.CHACHA";"B.CHADIT";"B.CHAGUI";"B.CHALEP";"B.CHASKE";"B.CHATHP";"B.DITCHA";"B.DITDIT";"B.DITGUI";"B.DITLEP";"B.DITSKE";"B.DITTHP";"B.GUICHA";"B.GUIDIT";"B.GUIGUI";"B.GUILEP";"B.GUISKE";"B.GUITHP";"B.LEPCHA";"B.LEPDIT";"B.LEPGUI";"B.LEPLEP";"B.LEPSKE";"B.LEPTHP";"B.SKECHA";"B.SKEDIT";"B.SKEGUI";"B.SKELEP";"B.SKESKE";"B.SKETHP";"B.THPCHA";"B.THPDIT";"B.THPGUI";"B.THPLEP";"B.THPSKE";"B.THPTHP";"B.NITNIT";"B.NITPLE";"B.NITPSE";"B.PLENIT";"B.PLEPLE";"B.PLEPSE";"B.PSENIT";"B.PSEPLE";"B.PSEPSE";"B.PROPRO";"B.PROPRP";"B.PRPPRO";"B.PRPPRP"
"B.CHACHA";1;-1.41163939989957e-18;6.44995698151012e-36;1.08632165678436e-18;5.38149477062295e-36;2.54791132286225e-36;0.04371275432196;-1.69170641909661e-21;-3.67011977619397e-37;1.30184615144382e-21;-3.06214916467916e-37;-1.44979877553168e-37;-0.338465523128049;3.53475712351788e-19;-1.86157300989299e-36;-2.72015871406207e-19;-1.55319569519462e-36;-7.35372803855625e-37;-0.44758451477481;6.49842107247652e-19;-1.80125661477507e-36;-5.00083487782883e-19;-1.50287096189166e-36;-7.11546160280165e-37;-0.0197890799401131;5.94714415529005e-20;-3.18554878493161e-37;-4.57660185198129e-20;-2.65784937431627e-37;-1.25837983755932e-37;-0.120018515686229;1.351378520568e-19;-7.03845500474909e-37;-1.03994812946612e-19;-5.87250564769723e-37;-2.78038431162646e-37;0;0;0;0;0;0;0;0;0;0;0;0;0
"B.CHADIT";-1.41163939989957e-18;1;-3.7991388809041e-18;2.14949294122745e-18;-2.00369792891143e-18;-3.04274662010988e-18;3.47390996009655e-20;0.0437127543219598;9.34931852929427e-20;1.1649629877621e-19;4.93090954585544e-20;7.4879092992176e-20;5.29285397310386e-19;-0.338465523128049;1.42446345161497e-18;1.1527899806967e-20;7.51274053748663e-19;1.14085888638009e-18;4.12849645742447e-19;-0.447584514774811;1.11110042778577e-18;-1.73059316131892e-18;5.86003748680309e-19;8.89885096920487e-19;-4.76362586971571e-21;-0.0197890799401138;-1.28203252594114e-20;-2.914219329625e-19;-6.76154780742084e-21;-1.02678534727588e-20;1.770815012914e-19;-0.120018515686228;4.76578662151884e-19;-7.46142192062752e-20;2.51351611049783e-19;3.81693894047391e-19;0;0;0;0;0;0;0;0;0;0;0;0;0
"B.CHAGUI";6.44995698151013e-36;-3.7991388809041e-18;1;9.16080692903951e-19;9.84069096395149e-36;1.02008859209711e-35;-3.67011977619393e-37;-4.55288201245066e-21;0.0437127543219602;1.09782965019645e-21;-5.59949696125811e-37;-5.80445315535871e-37;-1.86157300989302e-36;9.51307623141217e-19;-0.338465523128049;-2.293873885349e-19;-2.84019951601306e-36;-2.94415822646797e-36;-1.80125661477502e-36;1.74891719249891e-18;-0.447584514774812;-4.21713794562518e-19;-2.7481748705593e-36;-2.84876523896017e-36;-3.18554878493158e-37;1.60055227930812e-19;-0.0197890799401138;-3.85938784293327e-20;-4.86018763116822e-37;-5.03808317542719e-37;-7.03845500474914e-37;3.63695904256699e-19;-0.120018515686229;-8.7697451033565e-20;-1.07385616313362e-36;-1.11316209967223e-36;0;0;0;0;0;0;0;0;0;0;0;0;0
"B.CHALEP";1.08632165678436e-18;2.14949294122745e-18;9.16080692903951e-19;1;2.27963398432366e-18;-1.64187753759613e-18;-2.67333401408337e-20;-1.66817321535596e-19;-2.25438723484027e-20;0.04371275432196;-5.60996186708866e-20;4.040504063233e-20;-4.07309536528156e-19;-1.35570175479e-18;-3.43478747863321e-19;-0.338465523128049;-8.54734558415442e-19;6.15611752465523e-19;-3.17706852895778e-19;1.12440237905638e-19;-2.67917989228558e-19;-0.447584514774813;-6.6670431763058e-19;4.80185350307793e-19;3.66582991906934e-21;2.08118744025338e-19;3.09134591154983e-21;-0.0197890799401141;7.69270354878002e-21;-5.54057241073975e-21;-1.36272386476617e-19;-4.00799895888775e-19;-1.14916702108936e-19;-0.120018515686228;-2.85966096134501e-19;2.05963462988378e-19;0;0;0;0;0;0;0;0;0;0;0;0;0
"B.CHASKE";5.38149477062296e-36;-2.00369792891143e-18;9.84069096395149e-36;2.27963398432366e-18;1;2.38784491868059e-36;-3.06214916467912e-37;-2.40122842172687e-21;-5.59949696125807e-37;2.73190975311699e-21;0.04371275432196;-1.35871865248969e-37;-1.55319569519461e-36;5.0172767408599e-19;-2.84019951601299e-36;-5.708222982211e-19;-0.338465523128049;-6.89174775144819e-37;-1.50287096189168e-36;9.22393696651012e-19;-2.74817487055938e-36;-1.04941966923824e-18;-0.447584514774812;-6.66844983177449e-37;-2.65784937431635e-37;8.44144788516143e-20;-4.86018763116842e-37;-9.6039483787687e-20;-0.0197890799401135;-1.17932514916207e-37;-5.8725056476972e-37;1.91816291258951e-19;-1.07385616313361e-36;-2.18231965004022e-19;-0.120018515686229;-2.60571335074499e-37;0;0;0;0;0;0;0;0;0;0;0;0;0
"B.CHATHP";2.54791132286225e-36;-3.04274662010988e-18;1.02008859209711e-35;-1.64187753759613e-18;2.38784491868059e-36;1;-1.44979877553165e-37;-3.64642272615051e-21;-5.8044531553587e-37;-1.96762343833683e-21;-1.3587186524897e-37;0.0437127543219603;-7.35372803855612e-37;7.61906354502316e-19;-2.94415822646788e-36;4.1112753883001e-19;-6.8917477514481e-37;-0.338465523128049;-7.11546160280171e-37;1.40071527868489e-18;-2.84876523896028e-36;7.55831240577424e-19;-6.66844983177451e-37;-0.447584514774811;-1.25837983755932e-37;1.2818891835339e-19;-5.0380831754273e-37;6.91712232041111e-20;-1.17932514916198e-37;-0.0197890799401135;-2.78038431162654e-37;2.9128560921719e-19;-1.11316209967223e-36;1.57178811945058e-19;-2.60571335074504e-37;-0.120018515686229;0;0;0;0;0;0;0;0;0;0;0;0;0
"B.DITCHA";0.04371275432196;3.47390996009655e-20;-3.67011977619393e-37;-2.67333401408338e-20;-3.06214916467912e-37;-1.44979877553164e-37;1;-1.39818382804995e-18;6.51600208221757e-36;1.07596697335337e-18;5.4365992255986e-36;2.57400096352103e-36;-0.154651637289525;1.85425923769679e-20;7.75716247290062e-39;-1.4269380461793e-20;6.47215623336293e-39;3.06429363089247e-39;0.0360176209156881;1.1306528281649e-19;-6.09727997202849e-37;-8.70089524015402e-20;-5.08724017517606e-37;-2.4085941540273e-37;-0.147310545498018;2.9983527567984e-19;-1.31557520847786e-36;-2.30737080207657e-19;-1.09764470136469e-36;-5.19688577670614e-37;-0.220593666354622;1.33035884756205e-19;-3.50178593552357e-37;-1.02377252115814e-19;-2.92170052511718e-37;-1.38330225471845e-37;0;0;0;0;0;0;0;0;0;0;0;0;0
"B.DITDIT";-1.69170641909668e-21;0.0437127543219598;-4.55288201245082e-21;-1.66817321535596e-19;-2.4012284217268e-21;-3.64642272615079e-21;-1.39818382804995e-18;1;-3.76292595982642e-18;2.12900424084618e-18;-1.98459892852272e-18;-3.01374353634077e-18;1.72701424395025e-19;-0.154651637289525;4.64790580550061e-19;4.53825158593122e-19;2.45134477264508e-19;3.7225276894617e-19;-3.61222032224037e-20;0.0360176209156877;-9.72155259593309e-20;-6.38677937791473e-19;-5.12722893605811e-20;-7.78603315929756e-20;1.92427647456362e-19;-0.147310545498019;5.17879677532648e-19;-7.92424219651157e-19;2.73134115342092e-19;4.14772054361192e-19;2.46948810470672e-19;-0.220593666354622;6.64612242700859e-19;1.53636767477025e-19;3.50522109344945e-19;5.32290794981532e-19;0;0;0;0;0;0;0;0;0;0;0;0;0
"B.DITGUI";-3.67011977619396e-37;9.34931852929427e-20;0.0437127543219602;-2.25438723484027e-20;-5.59949696125807e-37;-5.80445315535869e-37;6.51600208221757e-36;-3.76292595982642e-18;1;9.07348725246844e-19;9.94145588806e-36;1.03053391041298e-35;7.7571624729016e-39;4.99035969505435e-20;-0.154651637289525;-1.20331799141732e-20;1.18350926791959e-38;1.22682879410359e-38;-6.09727997202847e-37;3.04292096167832e-19;0.0360176209156877;-7.33734993747557e-20;-9.30261211003847e-37;-9.64311197751929e-37;-1.31557520847786e-36;8.06945352887515e-19;-0.147310545498019;-1.94577529588205e-19;-2.00717138169743e-36;-2.08063908962668e-36;-3.50178593552359e-37;3.5803888894624e-19;-0.220593666354623;-8.63333833677538e-20;-5.34267023984581e-37;-5.53822590605461e-37;0;0;0;0;0;0;0;0;0;0;0;0;0
"B.DITLEP";1.30184615144383e-21;1.1649629877621e-19;1.09782965019647e-21;0.04371275432196;2.73190975311691e-21;-1.9676234383369e-21;1.07596697335337e-18;2.12900424084618e-18;9.07348725246844e-19;1;2.25790479564482e-18;-1.62622736434582e-18;-1.32901715190982e-19;-7.4503101763377e-19;-1.12074259571211e-19;-0.154651637289525;-2.78892779714149e-19;2.0086899632103e-19;2.77977021993399e-20;5.21517275886202e-19;2.34414348023661e-20;0.0360176209156879;5.83331706810517e-20;-4.20137282110192e-20;-1.48081954081744e-19;4.2859083834932e-20;-1.2487555435775e-19;-0.147310545498019;-3.10748343164821e-19;2.23812562892157e-19;-1.90038504840905e-19;-7.32236670697881e-19;-1.60256958982496e-19;-0.220593666354622;-3.98793700981498e-19;2.87226117999207e-19;0;0;0;0;0;0;0;0;0;0;0;0;0
"B.DITSKE";-3.06214916467915e-37;4.93090954585542e-20;-5.59949696125812e-37;-5.60996186708866e-20;0.04371275432196;-1.35871865248971e-37;5.4365992255986e-36;-1.98459892852272e-18;9.94145588806e-36;2.25790479564483e-18;1;2.41229554037934e-36;6.47215623336585e-39;2.63195784596401e-20;1.18350926792003e-38;-2.99441371096628e-20;-0.154651637289525;2.87178674949376e-39;-5.08724017517605e-37;1.60486221217193e-19;-9.30261211003847e-37;-1.82587324478174e-19;0.0360176209156878;-2.25728001608664e-37;-1.09764470136469e-36;4.25589793637828e-19;-2.00717138169743e-36;-4.84199211347774e-19;-0.147310545498019;-4.87040392007476e-37;-2.92170052511717e-37;1.88832733611625e-19;-5.34267023984578e-37;-2.14837531487427e-19;-0.220593666354622;-1.29639961575204e-37;0;0;0;0;0;0;0;0;0;0;0;0;0
"B.DITTHP";-1.44979877553168e-37;7.48790929921759e-20;-5.8044531553587e-37;4.04050406323302e-20;-1.35871865248969e-37;0.0437127543219603;2.57400096352103e-36;-3.01374353634077e-18;1.03053391041299e-35;-1.62622736434582e-18;2.41229554037934e-36;1;3.06429363089872e-39;3.99680047801901e-20;1.22682879410451e-38;2.15668859304365e-20;2.87178674949741e-39;-0.154651637289525;-2.40859415402731e-37;2.43708844600201e-19;-9.64311197751934e-37;1.3150621054609e-19;-2.25728001608667e-37;0.0360176209156878;-5.19688577670615e-37;6.46285993242651e-19;-2.08063908962668e-36;3.48738356376777e-19;-4.87040392007475e-37;-0.147310545498019;-1.38330225471849e-37;2.86754881398232e-19;-5.53822590605461e-37;1.54734014147651e-19;-1.29639961575207e-37;-0.220593666354623;0;0;0;0;0;0;0;0;0;0;0;0;0
"B.GUICHA";-0.338465523128049;5.29285397310386e-19;-1.86157300989302e-36;-4.07309536528156e-19;-1.5531956951946e-36;-7.35372803855614e-37;-0.154651637289525;1.72701424395025e-19;7.75716247290172e-39;-1.32901715190982e-19;6.47215623336587e-39;3.06429363089884e-39;1;-1.32761563401308e-18;5.87778635739982e-36;1.02166149174959e-18;4.90410659107686e-36;2.32188810814022e-36;-0.3602145185623;3.16729418859064e-19;-9.21755049918906e-37;-2.43737902945895e-19;-7.69062490673021e-37;-3.64118727508788e-37;0.00126149106811741;-2.20978167637305e-19;5.64486421259131e-37;1.70052896793619e-19;4.70976896869541e-37;2.22987742158767e-37;0.0115577864320408;9.82181673705863e-22;-5.70021070359229e-37;-7.55834119619344e-22;-4.75594708317713e-37;-2.25174081563923e-37;0;0;0;0;0;0;0;0;0;0;0;0;0
"B.GUIDIT";3.53475712351788e-19;-0.338465523128049;9.51307623141217e-19;-1.35570175479e-18;5.0172767408599e-19;7.61906354502317e-19;1.85425923769678e-20;-0.154651637289525;4.99035969505435e-20;-7.4503101763377e-19;2.63195784596401e-20;3.99680047801901e-20;-1.32761563401308e-18;1;-3.5730060909564e-18;2.02155057033498e-18;-1.88443358583763e-18;-2.86163589900204e-18;4.03164018456866e-19;-0.360214518562299;1.08503354185918e-18;-2.1199767261173e-19;5.72255852911947e-19;8.69008016209257e-19;1.63569484593768e-19;0.0012614910681176;4.4021383130411e-19;1.5389752122416e-18;2.32172492165465e-19;3.52569145092021e-19;1.3770632331138e-19;0.0115577864320401;3.70608419597693e-19;4.2604540653732e-19;1.95462010224888e-19;2.96821872394093e-19;0;0;0;0;0;0;0;0;0;0;0;0;0
"B.GUIGUI";-1.86157300989299e-36;1.42446345161497e-18;-0.338465523128048;-3.43478747863321e-19;-2.84019951601299e-36;-2.94415822646789e-36;7.75716247290062e-39;4.64790580550061e-19;-0.154651637289525;-1.12074259571211e-19;1.18350926792011e-38;1.22682879410455e-38;5.87778635739982e-36;-3.5730060909564e-18;1;8.61553630483346e-19;8.96773098814671e-36;9.29597333308688e-36;-9.21755049918938e-37;8.52412485794358e-19;-0.360214518562299;-2.05540951543374e-19;-1.40632047883679e-36;-1.45779547650575e-36;5.6448642125913e-37;-5.94717566371096e-19;0.00126149106811782;1.43403359909216e-19;8.61236197525374e-37;8.92759688740345e-37;-5.70021070359234e-37;2.64334119957094e-21;0.0115577864320401;-6.37384921582602e-22;-8.69680404447102e-37;-9.01512975660657e-37;0;0;0;0;0;0;0;0;0;0;0;0;0
"B.GUILEP";-2.72015871406207e-19;1.15278998069677e-20;-2.293873885349e-19;-0.338465523128049;-5.708222982211e-19;4.11127538830011e-19;-1.42693804617931e-20;4.53825158593122e-19;-1.20331799141733e-20;-0.154651637289525;-2.99441371096628e-20;2.15668859304366e-20;1.02166149174959e-18;2.02155057033498e-18;8.61553630483346e-19;1;2.14394534300397e-18;-1.54414951028045e-18;-3.10253315766804e-19;-8.84178774472876e-19;-2.61632519897207e-19;-0.360214518562299;-6.51063152385914e-19;4.68919998916449e-19;-1.25874266130505e-19;-1.45155943242133e-18;-1.06148104675499e-19;0.00126149106811776;-2.64145755569578e-19;1.9024763874527e-19;-1.05971370096318e-19;-6.37225373968121e-19;-8.93642555494853e-20;0.0115577864320402;-2.2237974832611e-19;1.6016620040925e-19;0;0;0;0;0;0;0;0;0;0;0;0;0
"B.GUISKE";-1.55319569519462e-36;7.51274053748663e-19;-2.84019951601306e-36;-8.54734558415441e-19;-0.338465523128049;-6.8917477514481e-37;6.47215623336303e-39;2.45134477264508e-19;1.18350926791953e-38;-2.78892779714149e-19;-0.154651637289525;2.87178674949801e-39;4.90410659107686e-36;-1.88443358583763e-18;8.96773098814672e-36;2.14394534300397e-18;1;2.17602106910815e-36;-7.6906249067301e-37;4.49569543495579e-19;-1.40632047883671e-36;-5.11481294102144e-19;-0.360214518562299;-3.41243843722761e-37;4.70976896869543e-37;-3.13659066799223e-19;8.61236197525384e-37;3.56854123493161e-19;0.0012614910681178;2.08979073276274e-37;-4.75594708317712e-37;1.3941204712493e-21;-8.69680404447091e-37;-1.58610954208206e-21;0.0115577864320405;-2.11028061163831e-37;0;0;0;0;0;0;0;0;0;0;0;0;0
"B.GUITHP";-7.35372803855627e-37;1.14085888638009e-18;-2.94415822646797e-36;6.15611752465523e-19;-6.89174775144819e-37;-0.338465523128049;3.06429363089276e-39;3.7225276894617e-19;1.22682879410354e-38;2.0086899632103e-19;2.87178674949403e-39;-0.154651637289525;2.32188810814022e-36;-2.86163589900204e-18;9.29597333308689e-36;-1.54414951028045e-18;2.17602106910815e-36;1;-3.64118727508773e-37;6.82700814947035e-19;-1.45779547650567e-36;3.68387931335423e-19;-3.41243843722756e-37;-0.360214518562299;2.22987742158776e-37;-4.76311849006429e-19;8.92759688740361e-37;-2.57019667890154e-19;2.08979073276276e-37;0.00126149106811789;-2.25174081563923e-37;2.11706330116641e-21;-9.01512975660652e-37;1.14237533183894e-21;-2.11028061163832e-37;0.0115577864320406;0;0;0;0;0;0;0;0;0;0;0;0;0
"B.LEPCHA";-0.44758451477481;4.12849645742447e-19;-1.80125661477502e-36;-3.17706852895778e-19;-1.50287096189168e-36;-7.11546160280169e-37;0.0360176209156881;-3.61222032224037e-20;-6.09727997202847e-37;2.77977021993399e-20;-5.08724017517605e-37;-2.40859415402731e-37;-0.3602145185623;4.03164018456867e-19;-9.2175504991894e-37;-3.10253315766804e-19;-7.6906249067301e-37;-3.64118727508775e-37;1;-1.36490938708122e-18;6.37678301350491e-36;1.05036075561512e-18;5.32044237487915e-36;2.51900558253659e-36;0.176680582738511;-2.92275558268677e-19;7.88089578389652e-37;2.24919528824847e-19;6.57539260656179e-37;3.11317170946254e-37;-0.0893925296181493;1.44504858107802e-19;-2.31432342057273e-37;-1.11203156333141e-19;-1.93094611654698e-37;-9.14221732787785e-38;0;0;0;0;0;0;0;0;0;0;0;0;0
"B.LEPDIT";6.49842107247651e-19;-0.447584514774811;1.74891719249891e-18;1.12440237905637e-19;9.22393696651012e-19;1.40071527868489e-18;1.1306528281649e-19;0.0360176209156877;3.04292096167832e-19;5.21517275886202e-19;1.60486221217192e-19;2.43708844600201e-19;3.16729418859064e-19;-0.360214518562299;8.52412485794358e-19;-8.84178774472876e-19;4.49569543495579e-19;6.82700814947035e-19;-1.36490938708122e-18;1;-3.67337460384016e-18;2.07833749409013e-18;-1.93736878712863e-18;-2.94202147134255e-18;-1.74765821589167e-19;0.176680582738512;-4.70346483598992e-19;8.12502724780938e-19;-2.4806470745123e-19;-3.76702515521317e-19;1.98908522148832e-20;-0.0893925296181492;5.35321626962652e-20;-6.09708653119311e-19;2.82333146765944e-20;4.28741386449321e-20;0;0;0;0;0;0;0;0;0;0;0;0;0
"B.LEPGUI";-1.80125661477506e-36;1.11110042778577e-18;-0.447584514774812;-2.67917989228558e-19;-2.74817487055939e-36;-2.84876523896029e-36;-6.09727997202849e-37;-9.72155259593309e-20;0.0360176209156877;2.34414348023662e-20;-9.30261211003848e-37;-9.64311197751934e-37;-9.21755049918907e-37;1.08503354185918e-18;-0.360214518562299;-2.61632519897208e-19;-1.40632047883671e-36;-1.45779547650567e-36;6.37678301350491e-36;-3.67337460384016e-18;1;8.8575534032093e-19;9.729049536294e-36;1.0085158125864e-35;7.88089578389652e-37;-7.86599918814593e-19;0.176680582738512;1.89671665410237e-19;1.20238724305842e-36;1.24639775237337e-36;-2.31432342057263e-37;3.8890528626215e-19;-0.0893925296181488;-9.3776151723166e-20;-3.53096022776232e-37;-3.66020258199704e-37;0;0;0;0;0;0;0;0;0;0;0;0;0
"B.LEPLEP";-5.00083487782883e-19;-1.73059316131892e-18;-4.21713794562518e-19;-0.447584514774813;-1.04941966923824e-18;7.55831240577424e-19;-8.70089524015401e-20;-6.38677937791473e-19;-7.33734993747557e-20;0.0360176209156879;-1.82587324478174e-19;1.3150621054609e-19;-2.43737902945895e-19;-2.1199767261173e-19;-2.05540951543374e-19;-0.360214518562299;-5.11481294102143e-19;3.68387931335423e-19;1.05036075561512e-18;2.07833749409013e-18;8.8575534032093e-19;1;2.20417043087216e-18;-1.58752586791089e-18;1.34490364091232e-19;-1.01342247581886e-19;1.13413946188185e-19;0.176680582738512;2.82226541864199e-19;-2.03270096334234e-19;-1.53069286210501e-20;3.59384513022473e-19;-1.29081305613567e-20;-0.0893925296181491;-3.21214204487581e-20;2.31350467106435e-20;0;0;0;0;0;0;0;0;0;0;0;0;0
"B.LEPSKE";-1.50287096189166e-36;5.86003748680308e-19;-2.74817487055929e-36;-6.66704317630582e-19;-0.447584514774812;-6.6684498317745e-37;-5.08724017517606e-37;-5.12722893605811e-20;-9.30261211003848e-37;5.83331706810517e-20;0.0360176209156878;-2.25728001608667e-37;-7.69062490673022e-37;5.72255852911947e-19;-1.40632047883679e-36;-6.51063152385915e-19;-0.360214518562299;-3.41243843722754e-37;5.32044237487915e-36;-1.93736878712863e-18;9.729049536294e-36;2.20417043087216e-18;1;2.36075511200716e-36;6.57539260656186e-37;-4.1485943989382e-19;1.20238724305843e-36;4.71991144100862e-19;0.176680582738512;2.91759418026741e-37;-1.93094611654702e-37;2.05111932217847e-19;-3.53096022776246e-37;-2.33358593891509e-19;-0.0893925296181494;-8.56787950034347e-38;0;0;0;0;0;0;0;0;0;0;0;0;0
"B.LEPTHP";-7.11546160280163e-37;8.89885096920487e-19;-2.84876523896016e-36;4.80185350307794e-19;-6.66844983177447e-37;-0.447584514774811;-2.4085941540273e-37;-7.78603315929756e-20;-9.64311197751928e-37;-4.20137282110192e-20;-2.25728001608665e-37;0.0360176209156878;-3.64118727508789e-37;8.69008016209257e-19;-1.45779547650576e-36;4.68919998916449e-19;-3.41243843722764e-37;-0.3602145185623;2.51900558253659e-36;-2.94202147134255e-18;1.0085158125864e-35;-1.58752586791089e-18;2.36075511200716e-36;1;3.1131717094625e-37;-6.29991247854106e-19;1.24639775237336e-36;-3.39945650386249e-19;2.91759418026729e-37;0.176680582738512;-9.14221732787696e-38;3.11475911361111e-19;-3.66020258199711e-37;1.68073575034529e-19;-8.56787950034303e-38;-0.0893925296181491;0;0;0;0;0;0;0;0;0;0;0;0;0
"B.SKECHA";-0.0197890799401131;-4.76362586971584e-21;-3.18554878493157e-37;3.66582991906939e-21;-2.65784937431635e-37;-1.25837983755932e-37;-0.147310545498018;1.92427647456362e-19;-1.31557520847786e-36;-1.48081954081744e-19;-1.09764470136469e-36;-5.19688577670615e-37;0.00126149106811738;1.63569484593768e-19;5.6448642125913e-37;-1.25874266130505e-19;4.70976896869544e-37;2.22987742158777e-37;0.176680582738511;-1.74765821589167e-19;7.88089578389651e-37;1.34490364091232e-19;6.57539260656186e-37;3.11317170946249e-37;1;-1.87335093028898e-18;1.16969207058796e-35;1.44162998459438e-18;9.75927712254987e-36;4.62060705126675e-36;-0.348063266788128;4.99903255490187e-19;-1.993096127358e-36;-3.84698622590601e-19;-1.66293146101181e-36;-7.87328071335363e-37;0;0;0;0;0;0;0;0;0;0;0;0;0
"B.SKEDIT";5.94714415529005e-20;-0.0197890799401137;1.60055227930812e-19;2.08118744025338e-19;8.44144788516143e-20;1.2818891835339e-19;2.9983527567984e-19;-0.147310545498019;8.06945352887516e-19;4.28590838349318e-20;4.25589793637828e-19;6.46285993242651e-19;-2.20978167637305e-19;0.00126149106811761;-5.94717566371096e-19;-1.45155943242133e-18;-3.13659066799223e-19;-4.7631184900643e-19;-2.92275558268677e-19;0.176680582738512;-7.86599918814593e-19;-1.01342247581885e-19;-4.1485943989382e-19;-6.29991247854105e-19;-1.87335093028898e-18;1;-5.04174108298837e-18;2.85253769580568e-18;-2.65905682386833e-18;-4.03795205193483e-18;4.71588174780255e-19;-0.348063266788128;1.26918317150238e-18;-8.49741218896116e-19;6.69377922700051e-19;1.01649424420889e-18;0;0;0;0;0;0;0;0;0;0;0;0;0
"B.SKEGUI";-3.18554878493161e-37;-1.2820325259411e-20;-0.0197890799401138;3.0913459115499e-21;-4.86018763116843e-37;-5.03808317542733e-37;-1.31557520847785e-36;5.17879677532648e-19;-0.147310545498019;-1.2487555435775e-19;-2.00717138169743e-36;-2.08063908962668e-36;5.6448642125913e-37;4.40213831304109e-19;0.00126149106811783;-1.06148104675499e-19;8.61236197525386e-37;8.92759688740365e-37;7.88089578389652e-37;-4.70346483598992e-19;0.176680582738512;1.13413946188185e-19;1.20238724305843e-36;1.24639775237336e-36;1.16969207058796e-35;-5.04174108298837e-18;1;1.21570750886769e-18;1.78459766826936e-35;1.84991859774213e-35;-1.993096127358e-36;1.34538742313257e-18;-0.348063266788128;-3.24411263037123e-19;-3.04086416498649e-36;-3.15216772499281e-36;0;0;0;0;0;0;0;0;0;0;0;0;0
"B.SKELEP";-4.57660185198128e-20;-2.914219329625e-19;-3.85938784293327e-20;-0.0197890799401141;-9.6039483787687e-20;6.9171223204111e-20;-2.30737080207657e-19;-7.92424219651156e-19;-1.94577529588205e-19;-0.147310545498019;-4.84199211347774e-19;3.48738356376777e-19;1.70052896793619e-19;1.5389752122416e-18;1.43403359909216e-19;0.00126149106811775;3.56854123493161e-19;-2.57019667890154e-19;2.24919528824847e-19;8.12502724780937e-19;1.89671665410237e-19;0.176680582738512;4.71991144100862e-19;-3.39945650386249e-19;1.44162998459438e-18;2.85253769580568e-18;1.21570750886769e-18;1;3.02524458126837e-18;-2.17889413733785e-18;-3.6290886141577e-19;-6.29541643269548e-19;-3.06036245480777e-19;-0.348063266788127;-7.61560232670408e-19;5.4850412309457e-19;0;0;0;0;0;0;0;0;0;0;0;0;0
"B.SKESKE";-2.65784937431627e-37;-6.76154780742074e-21;-4.86018763116822e-37;7.69270354877988e-21;-0.0197890799401136;-1.179325149162e-37;-1.09764470136469e-36;2.73134115342092e-19;-2.00717138169743e-36;-3.10748343164821e-19;-0.147310545498019;-4.87040392007476e-37;4.70976896869541e-37;2.32172492165464e-19;8.61236197525373e-37;-2.64145755569578e-19;0.00126149106811781;2.08979073276277e-37;6.57539260656179e-37;-2.4806470745123e-19;1.20238724305842e-36;2.822265418642e-19;0.176680582738512;2.91759418026728e-37;9.75927712254987e-36;-2.65905682386833e-18;1.78459766826936e-35;3.02524458126837e-18;1;4.33032852030051e-36;-1.66293146101181e-36;7.09568688542576e-19;-3.04086416498647e-36;-8.07285805546751e-19;-0.348063266788129;-7.37866077835379e-37;0;0;0;0;0;0;0;0;0;0;0;0;0
"B.SKETHP";-1.25837983755932e-37;-1.02678534727588e-20;-5.03808317542717e-37;-5.54057241073971e-21;-1.17932514916207e-37;-0.0197890799401135;-5.19688577670614e-37;4.14772054361192e-19;-2.08063908962669e-36;2.23812562892157e-19;-4.87040392007477e-37;-0.147310545498019;2.22987742158766e-37;3.52569145092021e-19;8.9275968874034e-37;1.9024763874527e-19;2.08979073276273e-37;0.00126149106811792;3.11317170946255e-37;-3.76702515521317e-19;1.24639775237337e-36;-2.03270096334234e-19;2.91759418026741e-37;0.176680582738512;4.62060705126675e-36;-4.03795205193483e-18;1.84991859774213e-35;-2.17889413733785e-18;4.33032852030052e-36;1;-7.87328071335359e-37;1.07752655609705e-18;-3.1521677249928e-36;5.81437388485266e-19;-7.37866077835386e-37;-0.348063266788128;0;0;0;0;0;0;0;0;0;0;0;0;0
"B.THPCHA";-0.120018515686229;1.770815012914e-19;-7.03845500474913e-37;-1.36272386476617e-19;-5.8725056476972e-37;-2.78038431162655e-37;-0.220593666354622;2.46948810470672e-19;-3.50178593552358e-37;-1.90038504840905e-19;-2.92170052511717e-37;-1.38330225471849e-37;0.0115577864320408;1.37706323311381e-19;-5.70021070359235e-37;-1.05971370096318e-19;-4.75594708317712e-37;-2.25174081563923e-37;-0.0893925296181493;1.9890852214883e-20;-2.31432342057262e-37;-1.53069286210501e-20;-1.93094611654701e-37;-9.1422173278769e-38;-0.348063266788128;4.71588174780255e-19;-1.993096127358e-36;-3.6290886141577e-19;-1.66293146101181e-36;-7.87328071335358e-37;1;-1.51948515140342e-18;7.48887322714933e-36;1.16931393899123e-18;6.24831021746238e-36;2.95831196171271e-36;0;0;0;0;0;0;0;0;0;0;0;0;0
"B.THPDIT";1.351378520568e-19;-0.120018515686228;3.63695904256699e-19;-4.00799895888775e-19;1.91816291258951e-19;2.91285609217191e-19;1.33035884756205e-19;-0.220593666354622;3.5803888894624e-19;-7.32236670697881e-19;1.88832733611625e-19;2.86754881398232e-19;9.82181673705794e-22;0.0115577864320401;2.64334119957091e-21;-6.37225373968121e-19;1.39412047124945e-21;2.1170633011665e-21;1.44504858107802e-19;-0.0893925296181491;3.8890528626215e-19;3.59384513022474e-19;2.05111932217847e-19;3.11475911361111e-19;4.99903255490187e-19;-0.348063266788128;1.34538742313257e-18;-6.29541643269548e-19;7.09568688542577e-19;1.07752655609705e-18;-1.51948515140342e-18;1;-4.08938367550796e-18;2.31370887457089e-18;-2.15677548465657e-18;-3.27520492065384e-18;0;0;0;0;0;0;0;0;0;0;0;0;0
"B.THPGUI";-7.03845500474909e-37;4.76578662151884e-19;-0.120018515686229;-1.14916702108936e-19;-1.07385616313361e-36;-1.11316209967223e-36;-3.50178593552357e-37;6.64612242700859e-19;-0.220593666354623;-1.60256958982496e-19;-5.34267023984577e-37;-5.5382259060546e-37;-5.70021070359229e-37;3.70608419597694e-19;0.0115577864320401;-8.93642555494853e-20;-8.69680404447093e-37;-9.01512975660653e-37;-2.31432342057273e-37;5.3532162696265e-20;-0.0893925296181488;-1.29081305613566e-20;-3.53096022776245e-37;-3.66020258199711e-37;-1.993096127358e-36;1.26918317150238e-18;-0.348063266788128;-3.06036245480777e-19;-3.04086416498648e-36;-3.1521677249928e-36;7.48887322714933e-36;-4.08938367550796e-18;1;9.86066987400561e-19;1.14257641264659e-35;1.18439768956225e-35;0;0;0;0;0;0;0;0;0;0;0;0;0
"B.THPLEP";-1.03994812946612e-19;-7.4614219206275e-20;-8.7697451033565e-20;-0.120018515686228;-2.18231965004022e-19;1.57178811945058e-19;-1.02377252115814e-19;1.53636767477025e-19;-8.63333833677538e-20;-0.220593666354622;-2.14837531487426e-19;1.54734014147651e-19;-7.55834119619304e-22;4.2604540653732e-19;-6.3738492158259e-22;0.0115577864320403;-1.5861095420821e-21;1.142375331839e-21;-1.11203156333141e-19;-6.09708653119311e-19;-9.3776151723166e-20;-0.0893925296181492;-2.33358593891509e-19;1.68073575034529e-19;-3.84698622590601e-19;-8.49741218896116e-19;-3.24411263037123e-19;-0.348063266788128;-8.07285805546751e-19;5.81437388485266e-19;1.16931393899123e-18;2.31370887457089e-18;9.86066987400561e-19;1;2.45379237081429e-18;-1.76731291219105e-18;0;0;0;0;0;0;0;0;0;0;0;0;0
"B.THPSKE";-5.87250564769723e-37;2.51351611049782e-19;-1.07385616313362e-36;-2.85966096134501e-19;-0.120018515686228;-2.60571335074503e-37;-2.92170052511718e-37;3.50522109344945e-19;-5.34267023984579e-37;-3.98793700981498e-19;-0.220593666354622;-1.29639961575206e-37;-4.75594708317714e-37;1.95462010224888e-19;-8.69680404447102e-37;-2.2237974832611e-19;0.0115577864320405;-2.11028061163833e-37;-1.93094611654698e-37;2.82333146765941e-20;-3.53096022776231e-37;-3.21214204487582e-20;-0.0893925296181494;-8.56787950034293e-38;-1.66293146101181e-36;6.6937792270005e-19;-3.04086416498649e-36;-7.61560232670408e-19;-0.348063266788128;-7.37866077835384e-37;6.24831021746238e-36;-2.15677548465657e-18;1.14257641264659e-35;2.45379237081429e-18;1;2.7724631239176e-36;0;0;0;0;0;0;0;0;0;0;0;0;0
"B.THPTHP";-2.78038431162646e-37;3.81693894047391e-19;-1.11316209967223e-36;2.05963462988378e-19;-2.605713350745e-37;-0.120018515686229;-1.38330225471845e-37;5.32290794981532e-19;-5.53822590605459e-37;2.87226117999206e-19;-1.29639961575203e-37;-0.220593666354622;-2.25174081563923e-37;2.96821872394093e-19;-9.01512975660657e-37;1.6016620040925e-19;-2.11028061163831e-37;0.0115577864320405;-9.1422173278779e-38;4.2874138644932e-20;-3.66020258199705e-37;2.31350467106435e-20;-8.56787950034348e-38;-0.089392529618149;-7.87328071335364e-37;1.0164942442089e-18;-3.15216772499281e-36;5.4850412309457e-19;-7.37866077835383e-37;-0.348063266788128;2.95831196171271e-36;-3.27520492065384e-18;1.18439768956225e-35;-1.76731291219105e-18;2.7724631239176e-36;1;0;0;0;0;0;0;0;0;0;0;0;0;0
"B.NITNIT";0;0;0;0;0;0;0;0;0;0;0;0;0;0;0;0;0;0;0;0;0;0;0;0;0;0;0;0;0;0;0;0;0;0;0;0;1;5.06084463921432e-19;-2.43477233417266e-18;-0.0814354012259098;-3.80415348185466e-20;2.2616070895422e-19;-0.201854354685017;-2.00029155028676e-19;-1.1554570843195e-18;0;0;0;0
"B.NITPLE";0;0;0;0;0;0;0;0;0;0;0;0;0;0;0;0;0;0;0;0;0;0;0;0;0;0;0;0;0;0;0;0;0;0;0;0;5.06084463921432e-19;1;-1.32473803204779e-17;-6.2014303613638e-20;-0.0814354012259098;8.30692970034248e-19;3.42271905696745e-20;-0.201854354685016;3.29275946426715e-18;0;0;0;0
"B.NITPSE";0;0;0;0;0;0;0;0;0;0;0;0;0;0;0;0;0;0;0;0;0;0;0;0;0;0;0;0;0;0;0;0;0;0;0;0;-2.43477233417266e-18;-1.32473803204779e-17;1;4.16609388970598e-20;8.58150050073554e-19;-0.0814354012259098;2.12627808914854e-18;1.80156616326722e-18;-0.201854354685017;0;0;0;0
"B.PLENIT";0;0;0;0;0;0;0;0;0;0;0;0;0;0;0;0;0;0;0;0;0;0;0;0;0;0;0;0;0;0;0;0;0;0;0;0;-0.0814354012259097;-6.2014303613638e-20;4.16609388970597e-20;1;4.41890290893221e-19;-2.26099566350529e-18;-0.231485153460107;3.38121226923627e-20;1.36190306986208e-18;0;0;0;0
"B.PLEPLE";0;0;0;0;0;0;0;0;0;0;0;0;0;0;0;0;0;0;0;0;0;0;0;0;0;0;0;0;0;0;0;0;0;0;0;0;-3.80415348185466e-20;-0.0814354012259098;8.58150050073555e-19;4.41890290893221e-19;1;-1.21553663240368e-17;-1.37880626174914e-19;-0.231485153460108;1.57093876119733e-18;0;0;0;0
"B.PLEPSE";0;0;0;0;0;0;0;0;0;0;0;0;0;0;0;0;0;0;0;0;0;0;0;0;0;0;0;0;0;0;0;0;0;0;0;0;2.2616070895422e-19;8.30692970034248e-19;-0.0814354012259098;-2.26099566350529e-18;-1.21553663240368e-17;1;-5.98821367030421e-19;2.29626884489184e-18;-0.231485153460107;0;0;0;0
"B.PSENIT";0;0;0;0;0;0;0;0;0;0;0;0;0;0;0;0;0;0;0;0;0;0;0;0;0;0;0;0;0;0;0;0;0;0;0;0;-0.201854354685017;3.42271905696745e-20;2.12627808914854e-18;-0.231485153460107;-1.37880626174914e-19;-5.98821367030421e-19;1;4.62868975981082e-19;-2.6933102016423e-18;0;0;0;0
"B.PSEPLE";0;0;0;0;0;0;0;0;0;0;0;0;0;0;0;0;0;0;0;0;0;0;0;0;0;0;0;0;0;0;0;0;0;0;0;0;-2.00029155028676e-19;-0.201854354685016;1.80156616326722e-18;3.38121226923626e-20;-0.231485153460108;2.29626884489184e-18;4.62868975981082e-19;1;-1.41480739723437e-17;0;0;0;0
"B.PSEPSE";0;0;0;0;0;0;0;0;0;0;0;0;0;0;0;0;0;0;0;0;0;0;0;0;0;0;0;0;0;0;0;0;0;0;0;0;-1.1554570843195e-18;3.29275946426715e-18;-0.201854354685017;1.36190306986208e-18;1.57093876119733e-18;-0.231485153460107;-2.6933102016423e-18;-1.41480739723437e-17;1;0;0;0;0
"B.PROPRO";0;0;0;0;0;0;0;0;0;0;0;0;0;0;0;0;0;0;0;0;0;0;0;0;0;0;0;0;0;0;0;0;0;0;0;0;0;0;0;0;0;0;0;0;0;1;-1.30027028872593e-17;-0.482909519239716;4.07566622472348e-18
"B.PROPRP";0;0;0;0;0;0;0;0;0;0;0;0;0;0;0;0;0;0;0;0;0;0;0;0;0;0;0;0;0;0;0;0;0;0;0;0;0;0;0;0;0;0;0;0;0;-1.30027028872593e-17;1;4.72067272134939e-18;-0.482909519239716
"B.PRPPRO";0;0;0;0;0;0;0;0;0;0;0;0;0;0;0;0;0;0;0;0;0;0;0;0;0;0;0;0;0;0;0;0;0;0;0;0;0;0;0;0;0;0;0;0;0;-0.482909519239716;4.72067272134939e-18;1;-1.24824357566566e-17
"B.PRPPRP";0;0;0;0;0;0;0;0;0;0;0;0;0;0;0;0;0;0;0;0;0;0;0;0;0;0;0;0;0;0;0;0;0;0;0;0;0;0;0;0;0;0;0;0;0;4.07566622472348e-18;-0.482909519239716;-1.24824357566566e-17;1
