"B.CHACHA";"B.CHADIT";"B.CHAGUI";"B.CHALEP";"B.CHASKE";"B.CHATHP";"B.DITCHA";"B.DITDIT";"B.DITGUI";"B.DITLEP";"B.DITSKE";"B.DITTHP";"B.GUICHA";"B.GUIDIT";"B.GUIGUI";"B.GUILEP";"B.GUISKE";"B.GUITHP";"B.LEPCHA";"B.LEPDIT";"B.LEPGUI";"B.LEPLEP";"B.LEPSKE";"B.LEPTHP";"B.SKECHA";"B.SKEDIT";"B.SKEGUI";"B.SKELEP";"B.SKESKE";"B.SKETHP";"B.THPCHA";"B.THPDIT";"B.THPGUI";"B.THPLEP";"B.THPSKE";"B.THPTHP";"B.NITNIT";"B.NITPLE";"B.NITPSE";"B.PLENIT";"B.PLEPLE";"B.PLEPSE";"B.PSENIT";"B.PSEPLE";"B.PSEPSE";"B.PROPRO";"B.PROPRP";"B.PRPPRO";"B.PRPPRP"
"B.CHACHA";1;-4.71396927783426e-18;-7.45073550009565e-18;-5.21060946498803e-18;2.32376150105193e-18;2.08185257578786e-17;-0.0357254079495436;3.90072736846187e-19;6.22067230046147e-19;4.35037506927434e-19;-1.75940380467478e-19;-1.32869476356585e-18;-0.279707592224948;8.32037050037025e-19;1.1086171198875e-18;7.75302097069398e-19;-3.57957877908045e-19;-3.37403058986198e-18;-0.392504215123308;2.00295147322539e-18;2.18614738896592e-18;1.52886386540744e-18;-7.9979991877875e-19;-8.78142643945006e-18;0.0811919788846377;-3.17123618017808e-19;-3.10934789240638e-19;-2.17449640480532e-19;1.05101117633644e-19;1.05290370885547e-18;-0.12383066615078;-1.03766360322103e-19;1.20514562186384e-18;8.42808496408444e-19;-2.54073215709707e-19;-6.07938073957795e-19;0;0;0;0;0;0;0;0;0;0;0;0;0
"B.CHADIT";-4.71396927783426e-18;1;-5.20241398008759e-18;-1.04640194797874e-17;1.96442006612329e-17;5.09175901428387e-18;3.93749761404254e-19;-0.0357254079495438;4.3435326003787e-19;8.73648462337268e-19;-1.24523520008154e-18;-3.25226186622521e-19;6.94795485061857e-19;-0.279707592224948;7.74082666468717e-19;1.55697261538537e-18;-3.1894540917868e-18;-8.25041551548052e-19;1.3517801454356e-18;-0.392504215123308;1.52645919838951e-18;3.07028599572915e-18;-8.34164671760032e-18;-2.14607280520587e-18;-1.90631497349286e-19;0.0811919788846383;-2.17107625739811e-19;-4.36685437500218e-19;9.97338574498573e-19;2.57402119671695e-19;8.06310178084516e-19;-0.12383066615078;8.41482888655128e-19;1.69253991944848e-18;-5.16288614555873e-19;-1.50415835925638e-19;0;0;0;0;0;0;0;0;0;0;0;0;0
"B.CHAGUI";-7.45073550009565e-18;-5.20241398008759e-18;1;1.0186301548077e-34;6.10629503040941e-18;9.35969555638569e-18;6.16815284727333e-19;4.30686132980564e-19;-0.0357254079495439;-1.21726365699828e-35;-3.62504080762524e-19;-5.55644268249058e-19;1.30464115598924e-18;9.10954816316975e-19;-0.279707592224947;-5.05143566577386e-36;-1.00800970766542e-18;-1.54507175540077e-18;3.11622445337549e-18;2.1758777587962e-18;-0.392504215123308;-3.10491434584339e-35;-2.75335594525139e-18;-4.22032890280929e-18;-4.91605244528707e-19;-3.43259265717821e-19;0.081191978884638;3.91611058991463e-36;3.21064960091313e-19;4.92126611195912e-19;-9.47293558969966e-20;-6.61439834278018e-20;-0.12383066615078;-4.00015322684262e-36;5.10109869676567e-21;7.81893612526159e-21;0;0;0;0;0;0;0;0;0;0;0;0;0
"B.CHALEP";-5.21060946498803e-18;-1.04640194797874e-17;1.0186301548077e-34;1;-3.31934202942388e-18;2.71658391573648e-18;4.31364602958765e-19;8.66272484741216e-19;-1.21726365699828e-35;-0.0357254079495439;1.9705484669843e-19;-1.61271728647918e-19;9.12389864829207e-19;1.83227420571142e-18;-5.05143566577393e-36;-0.279707592224947;5.47947482402723e-19;-4.48445898063085e-19;2.1793054701213e-18;4.37651200785375e-18;-3.10491434584337e-35;-0.392504215123308;1.49670627860644e-18;-1.22491992901068e-18;-3.4380001009916e-19;-6.90424033311621e-19;3.91611058991463e-36;0.0811919788846383;-1.74528811807991e-19;1.42836188252793e-19;-6.62481815980162e-20;-1.33040533434737e-19;-4.00015322684259e-36;-0.12383066615078;-2.77292387873341e-21;2.26938963859341e-21;0;0;0;0;0;0;0;0;0;0;0;0;0
"B.CHASKE";2.32376150105193e-18;1.96442006612329e-17;6.10629503040941e-18;-3.31934202942388e-18;1;2.65854962817314e-17;-1.93910117184052e-19;-1.65981407137069e-18;-5.18032142520536e-19;2.8159888356158e-19;-0.0357254079495437;-1.74589098722899e-18;-4.0005804574531e-19;-3.29033587682803e-18;-1.01348648820649e-18;5.50924624474213e-19;-0.279707592224948;-4.39456044253728e-18;-8.40629427518111e-19;-5.34784687295188e-18;-1.48387718872206e-18;8.06625931845651e-19;-0.392504215123308;-1.06192923647239e-17;1.37346500941192e-19;9.47043053440608e-19;2.72661062084693e-19;-1.48216769523566e-19;0.0811919788846381;1.34567874509612e-18;-1.2100723060757e-19;-3.03977396787842e-18;-1.14958583632199e-18;6.24907339709417e-19;-0.12383066615078;-1.22229748659503e-18;0;0;0;0;0;0;0;0;0;0;0;0;0
"B.CHATHP";2.08185257578786e-17;5.09175901428387e-18;9.35969555638569e-18;2.71658391573648e-18;2.65854962817314e-17;1;-1.75827090095419e-18;-4.30013075456687e-19;-7.94036828922976e-19;-2.30463444559678e-19;-2.08777449625027e-18;-0.0357254079495438;-3.49044410792476e-18;-8.53783766156324e-19;-1.55346653459804e-18;-4.50882421986976e-19;-4.40659956221997e-18;-0.279707592224947;-5.73305591354414e-18;-1.40404271531352e-18;-2.27447882231998e-18;-6.60151021812051e-19;-7.82871009291813e-18;-0.392504215123308;1.01163113180395e-18;2.47649597472969e-19;4.17933381614292e-19;1.21302140171446e-19;1.23927676005395e-18;0.0811919788846383;-3.14635100716696e-18;-7.67393785881808e-19;-1.76207886948191e-18;-5.11430642829816e-19;-3.76054310415737e-18;-0.12383066615078;0;0;0;0;0;0;0;0;0;0;0;0;0
"B.DITCHA";-0.0357254079495436;3.93749761404254e-19;6.16815284727333e-19;4.31364602958765e-19;-1.93910117184052e-19;-1.75827090095419e-18;1;-4.44452103328692e-18;-7.02485499838611e-18;-4.91277350327216e-18;2.21408836446167e-18;2.01531010794866e-17;-0.129825942158675;1.83648942415655e-19;5.91766062264256e-19;4.13846639040301e-19;-1.63944474306585e-19;-1.18635597830452e-18;0.00406354605532463;-2.67442851266756e-19;-4.55073608084029e-19;-3.18251916138812e-19;1.27652466703742e-19;9.48063267743587e-19;-0.319274945305826;5.39597528540797e-19;2.30569159831936e-18;1.6124661069222e-18;-6.25657504612817e-19;-4.32518247494252e-18;-0.121386549152928;8.35184938976033e-19;9.66599372914152e-19;6.75983175257441e-19;-3.22861286626193e-19;-3.18557285992169e-18;0;0;0;0;0;0;0;0;0;0;0;0;0
"B.DITDIT";3.90072736846187e-19;-0.0357254079495438;4.30686132980563e-19;8.66272484741216e-19;-1.65981407137069e-18;-4.30013075456687e-19;-4.44452103328692e-18;1;-4.90504646839537e-18;-9.86590109726089e-18;1.90272143257696e-17;4.92868222945104e-18;3.84053772053929e-19;-0.129825942158675;4.13195722117025e-19;8.31092662319151e-19;-1.10972664444578e-18;-2.9044931561148e-19;-2.88954358099444e-19;0.004063546055325;-3.1775135496823e-19;-6.39117990387302e-19;8.87861312692164e-19;2.32078173820748e-19;1.50528776338729e-18;-0.319274945305827;1.60992994647484e-18;3.23817719725607e-18;-4.0371993726055e-18;-1.05917105934989e-18;6.00237093204231e-19;-0.121386549152928;6.74919957999842e-19;1.35751895463128e-18;-3.01595781420149e-18;-7.78818451910706e-19;0;0;0;0;0;0;0;0;0;0;0;0;0
"B.DITGUI";6.22067230046147e-19;4.3435326003787e-19;-0.0357254079495438;-1.21726365699828e-35;-5.18032142520536e-19;-7.94036828922976e-19;-7.02485499838611e-18;-4.90504646839537e-18;1;9.19916536400304e-35;5.9459852463397e-18;9.11397359795913e-18;3.05525056727177e-19;2.13330325088593e-19;-0.129825942158675;1.02129110035897e-36;-3.16921176809717e-19;-4.85775042892345e-19;-4.24348423678448e-19;-2.96297750972983e-19;0.00406354605532483;9.48312966366716e-36;2.56575462307606e-19;3.93277462434874e-19;9.26382804420875e-19;6.46839074151811e-19;-0.319274945305827;-1.08068719175441e-35;-1.1278888773968e-18;-1.72882188975398e-18;1.30217864884217e-18;9.09235391220256e-19;-0.121386549152927;-1.73913348322992e-35;-9.66582628705231e-19;-1.48157255581628e-18;0;0;0;0;0;0;0;0;0;0;0;0;0
"B.DITLEP";4.35037506927434e-19;8.73648462337268e-19;-1.21726365699828e-35;-0.0357254079495439;2.8159888356158e-19;-2.30463444559678e-19;-4.91277350327216e-18;-9.86590109726089e-18;9.19916536400304e-35;1;-3.23219867959547e-18;2.64526489515686e-18;2.13666389358902e-19;4.29087859193947e-19;1.02129110035897e-36;-0.129825942158675;1.72276278325917e-19;-1.40992691507707e-19;-2.96764515777442e-19;-5.95966689668607e-19;9.48312966366719e-36;0.00406354605532494;-1.39472742721275e-19;1.14145938020745e-19;6.47858054933712e-19;1.30103769098711e-18;-1.0806871917544e-35;-0.319274945305826;6.13113014785318e-19;-5.01778045085514e-19;9.10667731081755e-19;1.82881579241041e-18;-1.73913348322992e-35;-0.121386549152928;5.25427993307619e-19;-4.30015714814695e-19;0;0;0;0;0;0;0;0;0;0;0;0;0
"B.DITSKE";-1.75940380467478e-19;-1.24523520008154e-18;-3.62504080762524e-19;1.9705484669843e-19;-0.0357254079495437;-2.08777449625027e-18;2.21408836446167e-18;1.90272143257696e-17;5.9459852463397e-18;-3.23219867959547e-18;1;2.58875419334587e-17;-1.08857156624683e-19;-1.10200962628059e-18;-3.61001967587027e-19;1.9623830780348e-19;-0.129825942158675;-1.42731639899817e-18;1.48658191238274e-19;1.47520477402943e-18;4.80735660319108e-19;-2.61324759841004e-19;0.00406354605532501;1.35867137181174e-18;-3.84962482454394e-19;-4.54088644837315e-18;-1.54208373368367e-18;8.38266628883129e-19;-0.319274945305826;-5.35699961575047e-18;-4.00770587499027e-19;-3.31619330601345e-18;-1.02353707937246e-18;5.56388060078225e-19;-0.121386549152928;-4.26967780761972e-18;0;0;0;0;0;0;0;0;0;0;0;0;0
"B.DITTHP";-1.32869476356585e-18;-3.25226186622521e-19;-5.55644268249058e-19;-1.61271728647918e-19;-1.74589098722899e-18;-0.0357254079495438;2.01531010794866e-17;4.92868222945104e-18;9.11397359795913e-18;2.64526489515686e-18;2.58875419334587e-17;1;-1.16111526406989e-18;-2.83791112197139e-19;-5.53341837406152e-19;-1.6060346475437e-19;-1.52421528181733e-18;-0.129825942158676;1.55525140298015e-18;3.8014935715921e-19;7.36868985412128e-19;2.13870891602872e-19;1.85142280337217e-18;0.00406354605532512;-4.76440672982017e-18;-1.1639082191757e-18;-2.36369749542973e-18;-6.86046096164968e-19;-6.26748733922157e-18;-0.319274945305827;-3.51710834660812e-18;-8.60284260539485e-19;-1.56887202565384e-18;-4.5535375430373e-19;-4.39487571228331e-18;-0.121386549152928;0;0;0;0;0;0;0;0;0;0;0;0;0
"B.GUICHA";-0.279707592224948;6.94795485061858e-19;1.30464115598924e-18;9.12389864829208e-19;-4.0005804574531e-19;-3.49044410792476e-18;-0.129825942158675;3.84053772053928e-19;3.05525056727177e-19;2.13666389358902e-19;-1.08857156624683e-19;-1.16111526406989e-18;1;-3.89626973100161e-18;-6.15830810336952e-18;-4.30676119039763e-18;1.91905930017907e-18;1.71706801974053e-17;-0.131784039594008;4.38983139850342e-19;1.23074031381764e-18;8.60707929846418e-19;-3.16698531394137e-19;-1.91749039953762e-18;0.0385818934559245;-6.13596663638433e-19;2.55797850601047e-19;1.78890084267293e-19;-1.85115992632322e-21;1.05086874158161e-18;-0.0580498088938324;1.00879040124071e-19;5.77671828148001e-19;4.03989954463727e-19;-1.06979526270499e-19;4.40816656612647e-20;0;0;0;0;0;0;0;0;0;0;0;0;0
"B.GUIDIT";8.32037050037025e-19;-0.279707592224948;9.10954816316975e-19;1.83227420571142e-18;-3.29033587682804e-18;-8.53783766156324e-19;1.83648942415654e-19;-0.129825942158675;2.13330325088593e-19;4.29087859193947e-19;-1.10200962628059e-18;-2.83791112197139e-19;-3.89626973100161e-18;1;-4.2999873194056e-18;-8.64889861616536e-18;1.62013608993793e-17;4.19959816948628e-18;7.95859477344419e-19;-0.131784039594008;8.59354169045478e-19;1.72848581434439e-18;-1.77770576067942e-18;-4.69928871044422e-19;2.01077058263096e-19;0.0385818934559246;1.78608717760305e-19;3.59249592411747e-19;1.02829132974028e-18;2.55914393594915e-19;3.78873554220755e-19;-0.0580498088938323;4.03354540584799e-19;8.11298329216963e-19;7.60619652433053e-20;9.74339725244284e-21;0;0;0;0;0;0;0;0;0;0;0;0;0
"B.GUIGUI";1.1086171198875e-18;7.74082666468718e-19;-0.279707592224947;-5.05143566577395e-36;-1.01348648820649e-18;-1.55346653459804e-18;5.91766062264255e-19;4.13195722117025e-19;-0.129825942158675;1.02129110035897e-36;-3.61001967587026e-19;-5.53341837406152e-19;-6.15830810336952e-18;-4.2999873194056e-18;1;6.98952650148286e-35;5.03391035017623e-18;7.71595019584721e-18;7.21008877299483e-19;5.03438440806543e-19;-0.131784039594008;-1.11190137953476e-35;-4.61295308358086e-19;-7.07070920471264e-19;-9.07811957419231e-19;-6.33872134973505e-19;0.0385818934559247;6.74712537870026e-36;4.25588783442418e-19;6.52340154774103e-19;1.80608397129624e-19;1.26108308385972e-19;-0.0580498088938325;-4.15983977206593e-36;1.23147310182251e-19;1.88759522124887e-19;0;0;0;0;0;0;0;0;0;0;0;0;0
"B.GUILEP";7.75302097069398e-19;1.55697261538537e-18;-5.05143566577385e-36;-0.279707592224947;5.50924624474213e-19;-4.50882421986975e-19;4.13846639040301e-19;8.31092662319151e-19;1.02129110035897e-36;-0.129825942158675;1.9623830780348e-19;-1.6060346475437e-19;-4.30676119039762e-18;-8.64889861616536e-18;6.98952650148286e-35;1;-2.73640073309258e-18;2.23949871770792e-18;5.04231519203554e-19;1.0126048545227e-18;-1.11190137953476e-35;-0.131784039594008;2.50757111699263e-19;-2.05222218849494e-19;-6.34870688631644e-19;-1.27495627865153e-18;6.74712537870021e-36;0.0385818934559246;-2.3134727835728e-19;1.89337010095304e-19;1.26306969765315e-19;2.53651439613352e-19;-4.15983977206594e-36;-0.0580498088938323;-6.69420721505875e-20;5.47860855791113e-20;0;0;0;0;0;0;0;0;0;0;0;0;0
"B.GUISKE";-3.57957877908045e-19;-3.1894540917868e-18;-1.00800970766542e-18;5.47947482402723e-19;-0.279707592224948;-4.40659956221998e-18;-1.63944474306585e-19;-1.10972664444578e-18;-3.16921176809718e-19;1.72276278325917e-19;-0.129825942158675;-1.52421528181733e-18;1.91905930017907e-18;1.62013608993793e-17;5.03391035017623e-18;-2.73640073309258e-18;1;2.19165638461145e-17;-2.81266094157183e-19;-3.13320132596164e-18;-1.0506133046213e-18;5.71106518983181e-19;-0.131784039594008;-2.64353991588874e-18;1.56044706610231e-19;-3.8334089539954e-19;-2.91945211056374e-19;1.58699506742222e-19;0.0385818934559247;1.07957328611488e-18;-8.60559783467695e-20;-1.12571681575237e-18;-3.90339801856258e-19;2.12186162575835e-19;-0.0580498088938323;-1.72728134691849e-20;0;0;0;0;0;0;0;0;0;0;0;0;0
"B.GUITHP";-3.37403058986198e-18;-8.25041551548052e-19;-1.54507175540077e-18;-4.48445898063085e-19;-4.39456044253728e-18;-0.279707592224947;-1.18635597830452e-18;-2.9044931561148e-19;-4.85775042892345e-19;-1.40992691507707e-19;-1.42731639899817e-18;-0.129825942158676;1.71706801974053e-17;4.19959816948628e-18;7.71595019584721e-18;2.23949871770792e-18;2.19165638461145e-17;1;-3.29235656746812e-18;-8.04439009474312e-19;-1.61037431532101e-18;-4.67399493601215e-19;-3.93898526648626e-18;-0.131784039594008;-3.42828311743934e-19;-8.20458614071621e-20;-4.47492019469164e-19;-1.29881320945422e-19;-4.97717892778548e-19;0.0385818934559248;-1.1781751297171e-18;-2.87734409256109e-19;-5.98310708984781e-19;-1.73655354370157e-19;-1.14602587395595e-18;-0.0580498088938325;0;0;0;0;0;0;0;0;0;0;0;0;0
"B.LEPCHA";-0.392504215123308;1.3517801454356e-18;3.11622445337549e-18;2.1793054701213e-18;-8.40629427518111e-19;-5.73305591354414e-18;0.00406354605532462;-2.88954358099444e-19;-4.24348423678449e-19;-2.96764515777442e-19;1.48658191238274e-19;1.55525140298015e-18;-0.131784039594008;7.9585947734442e-19;7.21008877299483e-19;5.04231519203554e-19;-2.81266094157182e-19;-3.29235656746812e-18;1;-4.98856184669267e-18;-7.88474694146754e-18;-5.51413173125241e-18;2.42695374356131e-18;2.13023766024332e-17;0.188544086830372;-5.69675736945815e-19;-9.01749975437462e-19;-6.30631292307561e-19;3.0587225406099e-19;3.07770088539284e-18;-0.0565611760355389;2.36678380511248e-19;-8.86347620318721e-20;-6.19859784264701e-20;-5.74131216691894e-20;-1.67946698452791e-18;0;0;0;0;0;0;0;0;0;0;0;0;0
"B.LEPDIT";2.00295147322539e-18;-0.392504215123308;2.1758777587962e-18;4.37651200785375e-18;-5.34784687295188e-18;-1.40404271531352e-18;-2.67442851266756e-19;0.00406354605532503;-2.96297750972983e-19;-5.95966689668607e-19;1.47520477402943e-18;3.8014935715921e-19;4.38983139850342e-19;-0.131784039594008;5.03438440806543e-19;1.0126048545227e-18;-3.13320132596165e-18;-8.04439009474312e-19;-4.98856184669267e-18;1;-5.50545885264847e-18;-1.10735571793753e-17;2.00856089209934e-17;5.21055467171606e-18;-5.70566677315213e-19;0.188544086830372;-6.29639406565874e-19;-1.26644266311081e-18;2.91569482268896e-18;7.52389408250268e-19;-7.0891549667366e-20;-0.0565611760355387;-6.18884840443512e-20;-1.24481116861015e-19;-1.62478908938396e-18;-4.09554754432623e-19;0;0;0;0;0;0;0;0;0;0;0;0;0
"B.LEPGUI";2.18614738896592e-18;1.52645919838951e-18;-0.392504215123308;-3.10491434584337e-35;-1.48387718872206e-18;-2.27447882231998e-18;-4.55073608084029e-19;-3.17751354968231e-19;0.00406354605532485;9.48312966366719e-36;4.80735660319108e-19;7.36868985412128e-19;1.23074031381764e-18;8.59354169045478e-19;-0.131784039594008;-1.11190137953476e-35;-1.0506133046213e-18;-1.61037431532101e-18;-7.88474694146754e-18;-5.50545885264847e-18;1;1.12893434485456e-34;6.19976817579881e-18;9.50297068134864e-18;-9.00477432916062e-19;-6.28750864353697e-19;0.188544086830372;3.20473264156004e-36;9.39816615626762e-19;1.44054575766371e-18;3.50671647131042e-19;2.44853555656549e-19;-0.0565611760355392;1.45838124329113e-36;-6.20699257359432e-19;-9.51404419869553e-19;0;0;0;0;0;0;0;0;0;0;0;0;0
"B.LEPLEP";1.52886386540744e-18;3.07028599572915e-18;-3.10491434584339e-35;-0.392504215123308;8.06625931845652e-19;-6.60151021812052e-19;-3.18251916138812e-19;-6.39117990387301e-19;9.48312966366716e-36;0.00406354605532493;-2.61324759841004e-19;2.13870891602872e-19;8.60707929846418e-19;1.72848581434439e-18;-1.11190137953476e-35;-0.131784039594008;5.71106518983181e-19;-4.67399493601215e-19;-5.51413173125242e-18;-1.10735571793753e-17;1.12893434485456e-34;1;-3.37015341972984e-18;2.75816848412919e-18;-6.29741350353976e-19;-1.26465546911733e-18;3.20473264156011e-36;0.188544086830372;-5.10878163708979e-19;4.18107983489029e-19;2.45239279212165e-19;4.92492982275542e-19;1.45838124329107e-36;-0.0565611760355386;3.37408055510742e-19;-2.76138249241971e-19;0;0;0;0;0;0;0;0;0;0;0;0;0
"B.LEPSKE";-7.9979991877875e-19;-8.34164671760031e-18;-2.75335594525139e-18;1.49670627860644e-18;-0.392504215123308;-7.82871009291814e-18;1.27652466703742e-19;8.87861312692165e-19;2.56575462307605e-19;-1.39472742721275e-19;0.00406354605532501;1.85142280337217e-18;-3.16698531394136e-19;-1.77770576067942e-18;-4.61295308358086e-19;2.50757111699263e-19;-0.131784039594008;-3.93898526648626e-18;2.42695374356131e-18;2.00856089209934e-17;6.19976817579881e-18;-3.37015341972984e-18;1;2.69924582687983e-17;2.64957014627273e-19;2.02702002378362e-18;6.08488538315592e-19;-3.30770388524484e-19;0.188544086830372;3.73465847571382e-18;-7.23713859214497e-20;-1.16176080238536e-19;1.418837970774e-20;-7.71271038474136e-21;-0.0565611760355385;-2.01811752919608e-18;0;0;0;0;0;0;0;0;0;0;0;0;0
"B.LEPTHP";-8.78142643945006e-18;-2.14607280520587e-18;-4.2203289028093e-18;-1.22491992901068e-18;-1.06192923647239e-17;-0.392504215123308;9.48063267743586e-19;2.32078173820748e-19;3.93277462434874e-19;1.14145938020745e-19;1.35867137181174e-18;0.00406354605532512;-1.91749039953762e-18;-4.69928871044422e-19;-7.07070920471264e-19;-2.05222218849494e-19;-2.64353991588874e-18;-0.131784039594008;2.13023766024332e-17;5.21055467171605e-18;9.50297068134864e-18;2.75816848412919e-18;2.69924582687983e-17;1;2.15612390857926e-18;5.27566384065295e-19;9.32687896641355e-19;2.70705913793245e-19;3.00632942417158e-18;0.188544086830372;-1.41586283481888e-19;-3.51536673076911e-20;2.17478706550328e-20;6.31216210688602e-21;-6.22500489150416e-19;-0.0565611760355385;0;0;0;0;0;0;0;0;0;0;0;0;0
"B.SKECHA";0.0811919788846377;-1.90631497349286e-19;-4.91605244528707e-19;-3.4380001009916e-19;1.37346500941192e-19;1.01163113180395e-18;-0.319274945305826;1.50528776338729e-18;9.26382804420874e-19;6.47858054933712e-19;-3.84962482454393e-19;-4.76440672982017e-18;0.0385818934559246;2.01077058263096e-19;-9.07811957419231e-19;-6.34870688631645e-19;1.56044706610231e-19;-3.42828311743933e-19;0.188544086830372;-5.70566677315213e-19;-9.00477432916061e-19;-6.29741350353976e-19;2.64957014627273e-19;2.15612390857926e-18;1;-4.88189014161423e-18;-7.71614536325598e-18;-5.39622162972891e-18;2.37552466642579e-18;2.08574454581165e-17;-0.32520670695273;7.1836770352218e-19;2.12293531772951e-18;1.48465703284954e-18;-5.54693846861841e-19;-3.49812902219221e-18;0;0;0;0;0;0;0;0;0;0;0;0;0
"B.SKEDIT";-3.17123618017808e-19;0.0811919788846383;-3.43259265717821e-19;-6.9042403331162e-19;9.47043053440608e-19;2.47649597472969e-19;5.39597528540798e-19;-0.319274945305827;6.46839074151811e-19;1.30103769098711e-18;-4.54088644837315e-18;-1.1639082191757e-18;-6.13596663638433e-19;0.0385818934559246;-6.33872134973505e-19;-1.27495627865153e-18;-3.83340895399539e-19;-8.20458614071619e-20;-5.69675736945816e-19;0.188544086830372;-6.28750864353697e-19;-1.26465546911733e-18;2.02702002378362e-18;5.27566384065295e-19;-4.88189014161423e-18;1;-5.38773420552586e-18;-1.08367684490941e-17;1.96663192454663e-17;5.10171780097347e-18;1.3747638925452e-18;-0.32520670695273;1.48232189635989e-18;2.98150921056923e-18;-3.25022137952388e-18;-8.5708982439198e-19;0;0;0;0;0;0;0;0;0;0;0;0;0
"B.SKEGUI";-3.10934789240638e-19;-2.17107625739811e-19;0.081191978884638;3.91611058991464e-36;2.72661062084693e-19;4.17933381614292e-19;2.30569159831936e-18;1.60992994647484e-18;-0.319274945305826;-1.0806871917544e-35;-1.54208373368367e-18;-2.36369749542973e-18;2.55797850601047e-19;1.78608717760305e-19;0.0385818934559247;6.74712537870022e-36;-2.91945211056374e-19;-4.47492019469163e-19;-9.01749975437462e-19;-6.29639406565874e-19;0.188544086830372;3.20473264156011e-36;6.08488538315591e-19;9.32687896641355e-19;-7.71614536325598e-18;-5.38773420552586e-18;1;1.11168274460283e-34;6.07100450424512e-18;9.30560243129472e-18;1.18539551134965e-18;8.27692538555338e-19;-0.325206706952731;-1.27211025133027e-35;-8.64274338578163e-19;-1.32475496942144e-18;0;0;0;0;0;0;0;0;0;0;0;0;0
"B.SKELEP";-2.17449640480532e-19;-4.36685437500218e-19;3.91611058991463e-36;0.0811919788846383;-1.48216769523566e-19;1.21302140171446e-19;1.6124661069222e-18;3.23817719725607e-18;-1.0806871917544e-35;-0.319274945305826;8.38266628883128e-19;-6.86046096164968e-19;1.78890084267294e-19;3.59249592411747e-19;6.74712537870027e-36;0.0385818934559246;1.58699506742222e-19;-1.29881320945422e-19;-6.30631292307561e-19;-1.26644266311081e-18;3.20473264156004e-36;0.188544086830372;-3.30770388524484e-19;2.70705913793245e-19;-5.39622162972891e-18;-1.08367684490941e-17;1.11168274460283e-34;1;-3.30015833028156e-18;2.70088377755476e-18;8.28996422046321e-19;1.66480231674527e-18;-1.27211025133028e-35;-0.325206706952731;4.69813876124272e-19;-3.84500544974131e-19;0;0;0;0;0;0;0;0;0;0;0;0;0
"B.SKESKE";1.05101117633644e-19;9.97338574498572e-19;3.21064960091313e-19;-1.74528811807991e-19;0.0811919788846381;1.23927676005395e-18;-6.25657504612817e-19;-4.0371993726055e-18;-1.1278888773968e-18;6.13113014785318e-19;-0.319274945305826;-6.26748733922157e-18;-1.85115992632318e-21;1.02829132974028e-18;4.25588783442418e-19;-2.3134727835728e-19;0.0385818934559247;-4.97717892778549e-19;3.0587225406099e-19;2.91569482268897e-18;9.39816615626763e-19;-5.10878163708979e-19;0.188544086830372;3.00632942417158e-18;2.37552466642579e-18;1.96663192454663e-17;6.07100450424511e-18;-3.30015833028156e-18;1;2.6431848914965e-17;-4.68610254696943e-19;-5.28640639269815e-18;-1.77772118614596e-18;9.66357606434866e-19;-0.32520670695273;-4.74736587484019e-18;0;0;0;0;0;0;0;0;0;0;0;0;0
"B.SKETHP";1.05290370885548e-18;2.57402119671695e-19;4.92126611195912e-19;1.42836188252793e-19;1.34567874509611e-18;0.0811919788846383;-4.32518247494251e-18;-1.05917105934989e-18;-1.72882188975397e-18;-5.01778045085513e-19;-5.35699961575047e-18;-0.319274945305827;1.05086874158161e-18;2.55914393594915e-19;6.52340154774103e-19;1.89337010095304e-19;1.07957328611488e-18;0.0385818934559248;3.07770088539284e-18;7.52389408250269e-19;1.44054575766371e-18;4.18107983489029e-19;3.73465847571382e-18;0.188544086830372;2.08574454581165e-17;5.10171780097347e-18;9.30560243129472e-18;2.70088377755476e-18;2.6431848914965e-17;1;-5.55306325729893e-18;-1.35675581962182e-18;-2.72488129112681e-18;-7.90877079619968e-19;-6.75531485858567e-18;-0.32520670695273;0;0;0;0;0;0;0;0;0;0;0;0;0
"B.THPCHA";-0.12383066615078;8.06310178084516e-19;-9.47293558969967e-20;-6.62481815980166e-20;-1.2100723060757e-19;-3.14635100716696e-18;-0.121386549152928;6.00237093204231e-19;1.30217864884217e-18;9.10667731081755e-19;-4.00770587499027e-19;-3.51710834660812e-18;-0.0580498088938324;3.78873554220755e-19;1.80608397129624e-19;1.26306969765316e-19;-8.60559783467695e-20;-1.1781751297171e-18;-0.0565611760355389;-7.08915496673661e-20;3.50671647131042e-19;2.45239279212165e-19;-7.23713859214497e-20;-1.41586283481888e-19;-0.32520670695273;1.3747638925452e-18;1.18539551134965e-18;8.28996422046322e-19;-4.68610254696943e-19;-5.55306325729893e-18;1;-4.38761864359176e-18;-6.93491706498982e-18;-4.8498761628673e-18;2.20233782040159e-18;2.02710994794168e-17;0;0;0;0;0;0;0;0;0;0;0;0;0
"B.THPDIT";-1.03766360322104e-19;-0.12383066615078;-6.61439834278018e-20;-1.33040533434737e-19;-3.03977396787842e-18;-7.67393785881807e-19;8.35184938976033e-19;-0.121386549152928;9.09235391220256e-19;1.82881579241041e-18;-3.31619330601345e-18;-8.60284260539485e-19;1.00879040124071e-19;-0.0580498088938323;1.26108308385972e-19;2.53651439613352e-19;-1.12571681575237e-18;-2.87734409256109e-19;2.36678380511248e-19;-0.0565611760355387;2.44853555656549e-19;4.92492982275542e-19;-1.16176080238535e-19;-3.51536673076912e-20;7.18367703522181e-19;-0.32520670695273;8.27692538555338e-19;1.66480231674527e-18;-5.28640639269815e-18;-1.35675581962182e-18;-4.38761864359176e-18;1;-4.84224805580443e-18;-9.73958977041022e-18;1.91462329054681e-17;4.95731089386291e-18;0;0;0;0;0;0;0;0;0;0;0;0;0
"B.THPGUI";1.20514562186384e-18;8.41482888655128e-19;-0.12383066615078;-4.00015322684259e-36;-1.14958583632199e-18;-1.76207886948191e-18;9.66599372914153e-19;6.74919957999842e-19;-0.121386549152927;-1.73913348322992e-35;-1.02353707937246e-18;-1.56887202565384e-18;5.77671828148001e-19;4.03354540584799e-19;-0.0580498088938325;-4.15983977206594e-36;-3.90339801856258e-19;-5.9831070898478e-19;-8.86347620318723e-20;-6.18884840443511e-20;-0.0565611760355392;1.45838124329108e-36;1.41883797077399e-20;2.17478706550332e-20;2.12293531772951e-18;1.48232189635989e-18;-0.325206706952731;-1.27211025133028e-35;-1.77772118614596e-18;-2.7248812911268e-18;-6.93491706498982e-18;-4.84224805580443e-18;1;8.63790873979198e-35;6.00514229100246e-18;9.20464919180151e-18;0;0;0;0;0;0;0;0;0;0;0;0;0
"B.THPLEP";8.42808496408444e-19;1.69253991944848e-18;-4.00015322684261e-36;-0.12383066615078;6.24907339709417e-19;-5.11430642829816e-19;6.75983175257441e-19;1.35751895463128e-18;-1.73913348322992e-35;-0.121386549152928;5.56388060078225e-19;-4.55353754303729e-19;4.03989954463727e-19;8.11298329216963e-19;-4.15983977206593e-36;-0.0580498088938323;2.12186162575835e-19;-1.73655354370157e-19;-6.198597842647e-20;-1.24481116861014e-19;1.45838124329113e-36;-0.0565611760355386;-7.71271038474146e-21;6.31216210688595e-21;1.48465703284955e-18;2.98150921056923e-18;-1.27211025133027e-35;-0.32520670695273;9.66357606434867e-19;-7.90877079619969e-19;-4.8498761628673e-18;-9.73958977041022e-18;8.63790873979198e-35;1;-3.26435606205205e-18;2.67158283021128e-18;0;0;0;0;0;0;0;0;0;0;0;0;0
"B.THPSKE";-2.54073215709707e-19;-5.16288614555872e-19;5.10109869676577e-21;-2.77292387873333e-21;-0.12383066615078;-3.76054310415737e-18;-3.22861286626193e-19;-3.01595781420149e-18;-9.66582628705232e-19;5.25427993307619e-19;-0.121386549152928;-4.39487571228331e-18;-1.06979526270499e-19;7.60619652433055e-20;1.23147310182251e-19;-6.69420721505876e-20;-0.0580498088938323;-1.14602587395595e-18;-5.74131216691894e-20;-1.62478908938396e-18;-6.20699257359432e-19;3.37408055510742e-19;-0.0565611760355385;-6.22500489150417e-19;-5.5469384686184e-19;-3.25022137952388e-18;-8.64274338578162e-19;4.69813876124272e-19;-0.32520670695273;-6.75531485858566e-18;2.20233782040158e-18;1.91462329054681e-17;6.00514229100246e-18;-3.26435606205205e-18;1;2.61450989927046e-17;0;0;0;0;0;0;0;0;0;0;0;0;0
"B.THPTHP";-6.07938073957795e-19;-1.50415835925637e-19;7.81893612526173e-21;2.26938963859355e-21;-1.22229748659503e-18;-0.12383066615078;-3.18557285992169e-18;-7.78818451910705e-19;-1.48157255581628e-18;-4.30015714814695e-19;-4.26967780761972e-18;-0.121386549152928;4.40816656612652e-20;9.74339725244299e-21;1.88759522124887e-19;5.47860855791113e-20;-1.72728134691848e-20;-0.0580498088938325;-1.67946698452791e-18;-4.09554754432623e-19;-9.51404419869553e-19;-2.76138249241971e-19;-2.01811752919608e-18;-0.0565611760355385;-3.49812902219221e-18;-8.57089824391978e-19;-1.32475496942144e-18;-3.84500544974131e-19;-4.74736587484019e-18;-0.32520670695273;2.02710994794168e-17;4.95731089386291e-18;9.20464919180151e-18;2.67158283021128e-18;2.61450989927046e-17;1;0;0;0;0;0;0;0;0;0;0;0;0;0
"B.NITNIT";0;0;0;0;0;0;0;0;0;0;0;0;0;0;0;0;0;0;0;0;0;0;0;0;0;0;0;0;0;0;0;0;0;0;0;0;1;1.95287596519478e-19;-7.33368671931279e-18;-0.0021256116220847;6.55840751694055e-22;-4.81427595578746e-20;-0.100595425875498;-3.7168313431571e-21;9.00108984281579e-20;0;0;0;0
"B.NITPLE";0;0;0;0;0;0;0;0;0;0;0;0;0;0;0;0;0;0;0;0;0;0;0;0;0;0;0;0;0;0;0;0;0;0;0;0;1.95287596519478e-19;1;-7.75766952169667e-18;-5.81521669830442e-21;-0.00212561162208465;3.52878829792386e-19;-2.24324504372249e-20;-0.100595425875499;9.46455356607596e-19;0;0;0;0
"B.NITPSE";0;0;0;0;0;0;0;0;0;0;0;0;0;0;0;0;0;0;0;0;0;0;0;0;0;0;0;0;0;0;0;0;0;0;0;0;-7.33368671931279e-18;-7.75766952169667e-18;1;2.3386830792544e-19;-1.85870055650258e-20;-0.00212561162208467;8.89848899955625e-19;1.26650562975975e-19;-0.100595425875498;0;0;0;0
"B.PLENIT";0;0;0;0;0;0;0;0;0;0;0;0;0;0;0;0;0;0;0;0;0;0;0;0;0;0;0;0;0;0;0;0;0;0;0;0;-0.0021256116220847;-5.81521669830442e-21;2.3386830792544e-19;1;2.04850253482344e-19;-7.70106164007924e-18;-0.170605222699179;-3.75970888121892e-20;1.4480792216338e-18;0;0;0;0
"B.PLEPLE";0;0;0;0;0;0;0;0;0;0;0;0;0;0;0;0;0;0;0;0;0;0;0;0;0;0;0;0;0;0;0;0;0;0;0;0;6.55840751694055e-22;-0.00212561162208465;-1.85870055650258e-20;2.04850253482344e-19;1;-8.00433172860057e-18;-1.8953759007591e-20;-0.170605222699179;9.10374479554061e-19;0;0;0;0
"B.PLEPSE";0;0;0;0;0;0;0;0;0;0;0;0;0;0;0;0;0;0;0;0;0;0;0;0;0;0;0;0;0;0;0;0;0;0;0;0;-4.81427595578746e-20;3.52878829792386e-19;-0.00212561162208467;-7.70106164007925e-18;-8.00433172860057e-18;1;6.69561364882211e-19;1.43321877164925e-18;-0.170605222699179;0;0;0;0
"B.PSENIT";0;0;0;0;0;0;0;0;0;0;0;0;0;0;0;0;0;0;0;0;0;0;0;0;0;0;0;0;0;0;0;0;0;0;0;0;-0.100595425875498;-2.24324504372249e-20;8.89848899955624e-19;-0.170605222699179;-1.8953759007591e-20;6.69561364882211e-19;1;1.94551206468445e-19;-7.2827315159451e-18;0;0;0;0
"B.PSEPLE";0;0;0;0;0;0;0;0;0;0;0;0;0;0;0;0;0;0;0;0;0;0;0;0;0;0;0;0;0;0;0;0;0;0;0;0;-3.71683134315711e-21;-0.100595425875499;1.26650562975975e-19;-3.75970888121892e-20;-0.170605222699179;1.43321877164925e-18;1.94551206468445e-19;1;-8.10392496658502e-18;0;0;0;0
"B.PSEPSE";0;0;0;0;0;0;0;0;0;0;0;0;0;0;0;0;0;0;0;0;0;0;0;0;0;0;0;0;0;0;0;0;0;0;0;0;9.00108984281579e-20;9.46455356607596e-19;-0.100595425875498;1.4480792216338e-18;9.1037447955406e-19;-0.170605222699179;-7.2827315159451e-18;-8.10392496658502e-18;1;0;0;0;0
"B.PROPRO";0;0;0;0;0;0;0;0;0;0;0;0;0;0;0;0;0;0;0;0;0;0;0;0;0;0;0;0;0;0;0;0;0;0;0;0;0;0;0;0;0;0;0;0;0;1;8.07895317016676e-18;-0.48946139077372;-3.67292049366821e-18
"B.PROPRP";0;0;0;0;0;0;0;0;0;0;0;0;0;0;0;0;0;0;0;0;0;0;0;0;0;0;0;0;0;0;0;0;0;0;0;0;0;0;0;0;0;0;0;0;0;8.07895317016676e-18;1;-2.76637612152927e-18;-0.48946139077372
"B.PRPPRO";0;0;0;0;0;0;0;0;0;0;0;0;0;0;0;0;0;0;0;0;0;0;0;0;0;0;0;0;0;0;0;0;0;0;0;0;0;0;0;0;0;0;0;0;0;-0.48946139077372;-2.76637612152927e-18;1;7.76602681402837e-18
"B.PRPPRP";0;0;0;0;0;0;0;0;0;0;0;0;0;0;0;0;0;0;0;0;0;0;0;0;0;0;0;0;0;0;0;0;0;0;0;0;0;0;0;0;0;0;0;0;0;-3.67292049366821e-18;-0.48946139077372;7.76602681402837e-18;1
