"B.CHACHA";"B.CHADIT";"B.CHAGUI";"B.CHALEP";"B.CHARHI";"B.CHASKE";"B.CHATHP";"B.DITCHA";"B.DITDIT";"B.DITGUI";"B.DITLEP";"B.DITRHI";"B.DITSKE";"B.DITTHP";"B.GUICHA";"B.GUIDIT";"B.GUIGUI";"B.GUILEP";"B.GUIRHI";"B.GUISKE";"B.GUITHP";"B.LEPCHA";"B.LEPDIT";"B.LEPGUI";"B.LEPLEP";"B.LEPRHI";"B.LEPSKE";"B.LEPTHP";"B.RHICHA";"B.RHIDIT";"B.RHIGUI";"B.RHILEP";"B.RHIRHI";"B.RHISKE";"B.RHITHP";"B.SKECHA";"B.SKEDIT";"B.SKEGUI";"B.SKELEP";"B.SKERHI";"B.SKESKE";"B.SKETHP";"B.THPCHA";"B.THPDIT";"B.THPGUI";"B.THPLEP";"B.THPRHI";"B.THPSKE";"B.THPTHP";"B.NITNIT";"B.NITPLE";"B.NITPSE";"B.NITTHL";"B.PLENIT";"B.PLEPLE";"B.PLEPSE";"B.PLETHL";"B.PSENIT";"B.PSEPLE";"B.PSEPSE";"B.PSETHL";"B.THLNIT";"B.THLPLE";"B.THLPSE";"B.THLTHL";"B.GYMGYM";"B.GYMPRO";"B.GYMPRP";"B.PROGYM";"B.PROPRO";"B.PROPRP";"B.PRPGYM";"B.PRPPRO";"B.PRPPRP"
"B.CHACHA";1;9.21441452202944e-18;-2.58503157002137e-18;-1.14629089166761e-17;-8.43225215949706e-18;1.54682867807961e-17;2.70720491585851e-18;-0.0978435993627023;-1.64570279192579e-18;4.67944836553767e-19;2.04728593039356e-18;2.13588983780595e-18;-3.51671533845085e-18;-4.8350925364733e-19;-0.16455617630401;-1.65962119780463e-18;4.7146639343484e-19;2.06460069504546e-18;1.94545386394814e-18;-3.49389717978434e-18;-4.87598496292758e-19;-0.449863658147131;-2.30703937882582e-18;6.6063667278141e-19;2.87000136616826e-18;3.01519828154071e-18;-5.48983958526276e-18;-6.77810655522884e-19;-0.35240055114162;-2.65492403730186e-18;7.38045125113705e-19;3.30277657332729e-18;2.11128816163899e-18;-3.64044073189138e-18;-7.80019543057361e-19;-0.0704220037533318;-9.20887059529415e-19;2.47530774346098e-19;1.14560121651724e-18;-9.6203601748548e-20;-2.42061057465447e-19;-2.7055761042096e-19;-0.150408807910674;-1.2403125122801e-18;3.49892247850124e-19;1.542972624304e-18;1.20269757027885e-18;-2.31503651159064e-18;-3.64405152646203e-19;0;0;0;0;0;0;0;0;0;0;0;0;0;0;0;0;0;0;0;0;0;0;0;0;0
"B.CHADIT";9.21441452202943e-18;1;9.3009439403885e-18;-1.81348808064954e-34;-4.05745597084669e-19;9.53614382827688e-18;1.35939951385416e-34;-2.21860364872942e-18;-0.0978435993627022;-2.23943779753345e-18;5.64358129334486e-35;1.11526311861408e-19;-2.29606812691601e-18;-4.22158156399287e-35;-2.19743448921885e-18;-0.164556176304012;-2.21806984567905e-18;4.80663638912377e-35;9.95401810882814e-20;-2.27415982776861e-18;-3.6035491349512e-35;-3.53555481488353e-18;-0.449863658147131;-3.56875600210787e-18;2.94418107782931e-35;1.57645327112122e-19;-3.6590017897372e-18;-2.20417720580605e-35;-2.03466865585019e-18;-0.35240055114162;-2.05377553398371e-18;2.31924281324222e-35;9.716981966793e-20;-2.10571088360378e-18;-1.71119077062452e-35;6.97026445134948e-20;-0.0704220037533319;7.03571982318501e-20;5.6033645516119e-36;-1.7673566429879e-20;7.21363730384468e-20;-4.52616787150331e-36;-1.41727134360874e-18;-0.150408807910673;-1.43058045453773e-18;2.8201499353608e-35;5.88118740506465e-20;-1.46675660662283e-18;-2.11929111372343e-35;0;0;0;0;0;0;0;0;0;0;0;0;0;0;0;0;0;0;0;0;0;0;0;0;0
"B.CHAGUI";-2.58503157002137e-18;9.30094394038849e-18;1;-9.50319515322041e-18;-7.94010774255967e-18;1.17700666844952e-17;1.80666382095248e-18;6.16155962411653e-19;-1.66115702453458e-18;-0.0978435993627025;1.69727927460615e-18;1.6427289597047e-18;-2.64878623310614e-18;-3.2267179722646e-19;6.10600263589192e-19;-1.67520613340734e-18;-0.164556176304011;1.71163388465457e-18;1.58227021528289e-18;-2.63308565215703e-18;-3.2540076934797e-19;9.78457206211541e-19;-2.32870399735409e-18;-0.449863658147132;2.379342213304e-18;2.3103545221015e-18;-4.11911112632128e-18;-4.52339600011748e-19;5.7758324534402e-19;-2.67985552179133e-18;-0.35240055114162;2.73812961020325e-18;2.17426383701036e-18;-2.7994514482743e-18;-5.20549102072947e-19;-8.73767691535091e-21;-9.29534795253135e-19;-0.0704220037533319;9.49747747929155e-19;4.58709759451477e-19;-2.31113005409649e-19;-1.80557682710875e-19;3.95672014646145e-19;-1.25195986328809e-18;-0.150408807910674;1.27918402487747e-18;1.09291447087571e-18;-1.75316563468834e-18;-2.43187208178434e-19;0;0;0;0;0;0;0;0;0;0;0;0;0;0;0;0;0;0;0;0;0;0;0;0;0
"B.CHALEP";-1.14629089166761e-17;-1.81348808064954e-34;-9.50319515322041e-18;1;1.24353391832672e-18;2.3449788350424e-18;-2.25541148966897e-35;2.75998561675187e-18;5.64358129334488e-35;2.28813489897988e-18;-0.0978435993627021;-3.41807163360553e-19;-5.64613040490013e-19;6.79608712788297e-36;2.7336507751043e-18;4.80663638912378e-35;2.26630229598835e-18;-0.16455617630401;-3.05071927604501e-19;-5.59225695380963e-19;5.98977483928477e-36;4.39829820071949e-18;2.94418107782934e-35;3.64635944046354e-18;-0.449863658147131;-4.83153268299616e-19;-8.99764297689534e-19;3.59147419459608e-36;2.53116694738079e-18;2.31924281324218e-35;2.09843536585614e-18;-0.352400551141619;-2.9780721580953e-19;-5.17803374580765e-19;2.19852123686719e-36;-8.6711430596004e-20;5.60336455161219e-36;-7.1887132049863e-20;-0.0704220037533315;5.41661560131946e-20;1.77386447874591e-20;1.51482886708761e-36;1.76311281451056e-18;2.82014993536081e-35;1.46168876288132e-18;-0.150408807910674;-1.80247329133867e-19;-3.60681766196756e-19;3.64024371406854e-36;0;0;0;0;0;0;0;0;0;0;0;0;0;0;0;0;0;0;0;0;0;0;0;0;0
"B.CHARHI";-8.43225215949707e-18;-4.05745597084669e-19;-7.94010774255967e-18;1.24353391832672e-18;1;1.3099935565607e-17;3.93948909269429e-18;1.76943688394695e-18;8.151842327613e-20;1.81876490747672e-18;-2.49838630513171e-19;-0.0978435993627027;-3.0004772030293e-18;-7.91483485359764e-19;1.59378016694404e-18;7.08948649030021e-20;1.74479163711646e-18;-2.17279422809547e-19;-0.16455617630401;-2.87831283719387e-18;-6.88336605548252e-19;2.33525476957055e-18;9.9862219997337e-20;2.72559556798509e-18;-3.06058916272553e-19;-0.449863658147131;-4.49611483888271e-18;-9.69588158881861e-19;3.01350422847274e-18;1.61003109602613e-19;2.16393098905166e-18;-4.93444239901741e-19;-0.35240055114162;-3.57103209830232e-18;-1.56322089192504e-18;-8.07468003330678e-20;-4.12103490084659e-21;-6.6111428405797e-20;1.26301966420153e-20;-0.0704220037533319;1.09086541586457e-19;4.00121952256454e-20;1.03589336117916e-18;4.62183360395086e-20;1.12817005146864e-18;-1.41650504470558e-19;-0.150408807910673;-1.8611035541971e-18;-4.4874579544021e-19;0;0;0;0;0;0;0;0;0;0;0;0;0;0;0;0;0;0;0;0;0;0;0;0;0
"B.CHASKE";1.54682867807961e-17;9.53614382827687e-18;1.17700666844952e-17;2.3449788350424e-18;1.3099935565607e-17;1;9.32339765024966e-18;-2.97031648435533e-18;-1.70316393785861e-18;-2.28729998128082e-18;-4.1881534704239e-19;-2.71072959730188e-18;-0.0978435993627024;-1.6651672774833e-18;-2.98096276424587e-18;-1.71756831699778e-18;-2.29373878509205e-18;-4.22357445905572e-19;-2.61082606978614e-18;-0.164556176304009;-1.67925030276457e-18;-4.31815443498083e-18;-2.3875916675318e-18;-3.34394831234373e-18;-5.87119073276103e-19;-3.81241787116777e-18;-0.44986365814713;-2.33432579706004e-18;-4.2320035226379e-18;-2.74762302177007e-18;-3.19081723234108e-18;-6.75652333768353e-19;-3.58695070597803e-18;-0.35240055114162;-2.68632504776002e-18;-1.18682675774326e-18;-9.53040633051223e-19;-8.56150575102007e-19;-2.34356795963336e-19;-7.56078150222311e-19;-0.070422003753331;-9.31778815293713e-19;-2.14626367504875e-18;-1.28361910361609e-18;-1.64150899479209e-18;-3.15647465520633e-19;-1.80318986971578e-18;-0.150408807910673;-1.25498226012308e-18;0;0;0;0;0;0;0;0;0;0;0;0;0;0;0;0;0;0;0;0;0;0;0;0;0
"B.CHATHP";2.70720491585851e-18;1.35939951385416e-34;1.80666382095248e-18;-2.25541148966897e-35;3.93948909269429e-18;9.32339765024966e-18;1;-6.51828142723827e-19;-4.22158156399286e-35;-4.35000068166005e-19;6.79608712788297e-36;-1.08283784786149e-18;-2.24484409681664e-18;-0.0978435993627025;-6.45608620848113e-19;-3.60354913495119e-35;-4.30849445843084e-19;5.98977483928454e-36;-9.6646139970378e-19;-2.22342455989795e-18;-0.164556176304012;-1.03874981446264e-18;-2.20417720580604e-35;-6.9321376369311e-19;3.59147419459627e-36;-1.53061931203861e-18;-3.57737145150203e-18;-0.44986365814713;-5.97787843610885e-19;-1.71119077062454e-35;-3.98936062553095e-19;2.19852123686728e-36;-9.43446946735434e-19;-2.05873361998608e-18;-0.352400551141618;2.04787120683727e-20;-4.52616787150335e-36;1.3666548836736e-20;1.51482886708763e-36;1.71597234029846e-19;7.05270498217478e-20;-0.0704220037533315;-4.16395847978189e-19;-2.11929111372345e-35;-2.77883402667528e-19;3.64024371406853e-36;-5.71019717793967e-19;-1.43403406512447e-18;-0.150408807910673;0;0;0;0;0;0;0;0;0;0;0;0;0;0;0;0;0;0;0;0;0;0;0;0;0
"B.DITCHA";-0.0978435993627023;-2.21860364872942e-18;6.16155962411652e-19;2.75998561675187e-18;1.76943688394695e-18;-2.97031648435533e-18;-6.51828142723827e-19;1;9.66787641481502e-18;-2.71224673988918e-18;-1.20270242342319e-17;-8.58303503893142e-18;1.62295156776512e-17;2.84043250860123e-18;-0.0240748883660083;1.46662237676703e-18;-3.73996410786616e-19;-1.82450644909088e-18;9.45684104386217e-19;-2.05246274003371e-18;4.30895234699872e-19;0.0881411978264465;1.29328807722853e-18;-3.60901925869804e-19;-1.60887524615387e-18;-5.00149232683395e-19;1.93963204684635e-18;3.79969430713558e-19;-0.0681278549396395;1.89019716346274e-19;-4.69659681075635e-20;-2.35144163175343e-19;-2.83601111914501e-19;-4.13393611653249e-19;5.55341963467594e-20;-0.220068628255903;-2.14580115097723e-18;5.96350149383049e-19;2.66941790909723e-18;1.98933729707301e-18;-2.92263760576921e-18;-6.3043869043358e-19;-0.263135260819466;-2.10941155690092e-18;5.82681701124388e-19;2.62414855406501e-18;9.54952001910644e-19;-2.44453440254378e-18;-6.19747388481193e-19;0;0;0;0;0;0;0;0;0;0;0;0;0;0;0;0;0;0;0;0;0;0;0;0;0
"B.DITDIT";-1.64570279192579e-18;-0.0978435993627022;-1.66115702453458e-18;5.64358129334488e-35;8.151842327613e-20;-1.70316393785861e-18;-4.22158156399286e-35;9.66787641481502e-18;1;9.7586641388686e-18;-2.05171198527361e-34;-4.09330667837846e-19;1.00054387378892e-17;1.539286070649e-34;-1.96325958057538e-18;-0.0240748883660083;-1.98169588048233e-18;6.65450843207253e-36;7.72892331460938e-20;-2.03180849828818e-18;-4.97431001120856e-36;1.11746867442042e-18;0.0881411978264465;1.12796244092082e-18;-1.61913258704452e-35;-1.45724449459908e-20;1.15648606619448e-18;1.24209961610513e-35;-3.6613090283604e-19;-0.0681278549396393;-3.6956911304353e-19;-8.51912223040802e-36;-1.51833300005246e-20;-3.7891468210749e-19;6.19486467236585e-36;-1.62952828359877e-18;-0.220068628255902;-1.64483062692644e-18;2.27494633498448e-35;9.60803145736466e-20;-1.68642468248982e-18;-1.67865176879243e-35;-1.27631107328552e-18;-0.263135260819466;-1.28829647447978e-18;1.27137904841897e-35;3.23994137349802e-20;-1.32087458572383e-18;-9.65426775044067e-36;0;0;0;0;0;0;0;0;0;0;0;0;0;0;0;0;0;0;0;0;0;0;0;0;0
"B.DITGUI";4.67944836553767e-19;-2.23943779753345e-18;-0.0978435993627025;2.28813489897988e-18;1.81876490747672e-18;-2.28729998128082e-18;-4.35000068166005e-19;-2.71224673988918e-18;9.7586641388686e-18;1;-9.97086858503611e-18;-8.23664795636613e-18;1.23492979209676e-17;1.89557377762067e-18;5.13324074809375e-19;1.48039492638595e-18;-0.0240748883660087;-1.51258646213229e-18;-4.47952435769781e-19;-1.39927597460004e-18;2.87559625277281e-19;-3.1541693256182e-19;1.30543290366604e-18;0.0881411978264467;-1.33381984909107e-18;-8.70744411679509e-19;1.48422571025181e-18;2.53574090205287e-19;9.66531194057146e-20;1.90794735917491e-19;-0.0681278549396393;-1.94943612309885e-19;-2.02329034204636e-19;-2.88259962372893e-19;3.70609637924453e-20;4.62788849874877e-19;-2.16595163640031e-18;-0.220068628255903;2.21305076399477e-18;1.85820594914968e-18;-2.24833785576481e-18;-4.20725733269369e-19;3.67156171422298e-19;-2.12922032007975e-18;-0.263135260819467;2.1755207165645e-18;1.46985792810209e-18;-1.89954981539172e-18;-4.13590850969507e-19;0;0;0;0;0;0;0;0;0;0;0;0;0;0;0;0;0;0;0;0;0;0;0;0;0
"B.DITLEP";2.04728593039356e-18;5.64358129334486e-35;1.69727927460615e-18;-0.0978435993627021;-2.49838630513171e-19;-4.1881534704239e-19;6.79608712788296e-36;-1.20270242342319e-17;-2.05171198527361e-34;-9.97086858503611e-18;1;1.25452148569211e-18;2.46038047434769e-18;-2.58463926928632e-35;2.44233268409232e-18;6.65450843207242e-36;2.02478832334193e-18;-0.0240748883660086;-2.36876958441953e-19;-4.99630459768982e-19;7.92616419933894e-37;-1.39015252694524e-18;-1.61913258704451e-35;-1.15249024940641e-18;0.0881411978264461;4.46618021082484e-20;2.84384904116691e-19;-2.7263170050795e-36;4.55473886133085e-19;-8.51912223040792e-36;3.77605480300151e-19;-0.0681278549396392;4.65340498688409e-20;-9.31767521368664e-20;-5.79799687835367e-37;2.027164530897e-18;2.27494633498445e-35;1.68059785564334e-18;-0.220068628255903;-2.94468087674404e-19;-4.1469909205914e-19;2.16014406716759e-36;1.58775552667399e-18;1.27137904841899e-35;1.31631078422301e-18;-0.263135260819467;-9.92981074910894e-20;-3.24808749012701e-19;1.89232354485823e-36;0;0;0;0;0;0;0;0;0;0;0;0;0;0;0;0;0;0;0;0;0;0;0;0;0
"B.DITRHI";2.13588983780595e-18;1.11526311861408e-19;1.6427289597047e-18;-3.41807163360553e-19;-0.0978435993627027;-2.71072959730188e-18;-1.08283784786149e-18;-8.58303503893142e-18;-4.09330667837845e-19;-8.23664795636613e-18;1.25452148569211e-18;1;1.35889776024167e-17;3.97429747319222e-18;-4.81555441322641e-19;-5.48221091278267e-20;8.79347870220517e-19;1.68019450277449e-19;-0.0240748883660084;-1.44903654801622e-18;5.32282056784717e-19;-1.04195743506024e-18;-5.04059706896034e-20;-9.69826826092696e-19;1.54484816813981e-19;0.088141197826447;1.60007739484983e-18;4.8940462488105e-19;-1.22276503767886e-20;-5.41312147055921e-21;1.91655491067189e-19;1.65901988857771e-20;-0.0681278549396392;-3.15934829518102e-19;5.25573983893351e-20;2.18282606582653e-18;1.14642524435751e-19;1.65080724800422e-18;-3.51357768618518e-19;-0.220068628255902;-2.72410493016625e-18;-1.11309396286397e-18;1.60577805986467e-18;8.33497333057001e-20;1.25592723458698e-18;-2.55451251212216e-19;-0.263135260819468;-2.072419730944e-18;-8.09264148757397e-19;0;0;0;0;0;0;0;0;0;0;0;0;0;0;0;0;0;0;0;0;0;0;0;0;0
"B.DITSKE";-3.51671533845085e-18;-2.29606812691601e-18;-2.64878623310614e-18;-5.64613040490013e-19;-3.0004772030293e-18;-0.0978435993627024;-2.24484409681664e-18;1.62295156776512e-17;1.00054387378892e-17;1.23492979209676e-17;2.4603804743477e-18;1.35889776024167e-17;1;9.78222284587851e-18;1.21875521839418e-18;1.51783077407497e-18;7.64894593900179e-19;3.73241123925561e-19;7.37294160968418e-19;-0.0240748883660085;1.48396879570181e-18;2.10731816405361e-18;1.33844435654179e-18;1.5951633989714e-18;3.29129231321542e-19;1.43606716342764e-18;0.0881411978264467;1.3085843914989e-18;1.16076118701177e-19;1.95619504326498e-19;6.20263291267592e-20;4.81036785547289e-20;3.3389622500236e-19;-0.0681278549396396;1.91255339665953e-19;-3.41502804258938e-18;-2.22072366656392e-18;-2.57409324874673e-18;-5.46085513216423e-19;-3.06576883073893e-18;-0.220068628255902;-2.17118053036298e-18;-3.23909622626591e-18;-2.18306349812513e-18;-2.42521558746998e-18;-5.36824715612762e-19;-2.42428641544563e-18;-0.263135260819467;-2.13436053978263e-18;0;0;0;0;0;0;0;0;0;0;0;0;0;0;0;0;0;0;0;0;0;0;0;0;0
"B.DITTHP";-4.8350925364733e-19;-4.22158156399287e-35;-3.22671797226459e-19;6.79608712788298e-36;-7.91483485359763e-19;-1.6651672774833e-18;-0.0978435993627025;2.84043250860123e-18;1.539286070649e-34;1.89557377762067e-18;-2.58463926928632e-35;3.97429747319222e-18;9.78222284587851e-18;1;-5.76807780346024e-19;-4.97431001120861e-36;-3.8493493502859e-19;7.92616419933978e-37;-7.50421183001049e-19;-1.98647995665982e-18;-0.0240748883660082;3.2831350070873e-19;1.24209961610514e-35;2.19101302670553e-19;-2.72631700507952e-36;1.41487642333281e-19;1.13068549156441e-18;0.0881411978264463;-1.0756965378926e-19;6.19486467236617e-36;-7.17870304515943e-20;-5.79799687835371e-37;1.47418883550729e-19;-3.70461301803202e-19;-0.0681278549396393;-4.78757165671495e-19;-1.67865176879242e-35;-3.19500472673362e-19;2.16014406716773e-36;-9.32868659586545e-19;-1.64880146579015e-18;-0.220068628255903;-3.7498156866099e-19;-9.65426775044063e-36;-2.50245420897142e-19;1.89232354485813e-36;-3.14574299599883e-19;-1.2914065927042e-18;-0.263135260819467;0;0;0;0;0;0;0;0;0;0;0;0;0;0;0;0;0;0;0;0;0;0;0;0;0
"B.GUICHA";-0.16455617630401;-2.19743448921886e-18;6.10600263589192e-19;2.7336507751043e-18;1.59378016694404e-18;-2.98096276424587e-18;-6.45608620848113e-19;-0.0240748883660082;-1.96325958057538e-18;5.13324074809375e-19;2.44233268409232e-18;-4.81555441322641e-19;1.21875521839418e-18;-5.76807780346024e-19;1;1.06220465562051e-17;-2.97993167339941e-18;-1.32140302448273e-17;-9.66693919946845e-18;1.78312861807481e-17;3.12076872433811e-18;-0.241205301521558;-1.63437424296457e-18;4.64354176450938e-19;2.03319299756643e-18;2.09834782126127e-18;-3.44797331843135e-18;-4.80180913755084e-19;-0.170676123113945;-1.27886615458519e-18;3.65989136267211e-19;1.59093409696109e-18;1.31973949584119e-18;-3.01631160150642e-18;-3.75732254300147e-19;0.0441062320700774;7.19746214293846e-19;-2.12773537593914e-19;-8.95378135837939e-19;-1.12229798678138e-18;2.51660400345799e-18;2.1146221334502e-19;0.00935373194619574;1.8254161072848e-19;-4.18564881191825e-20;-2.27085275171999e-19;1.91158838933649e-19;-8.21089945521371e-19;5.36309219355618e-20;0;0;0;0;0;0;0;0;0;0;0;0;0;0;0;0;0;0;0;0;0;0;0;0;0
"B.GUIDIT";-1.65962119780463e-18;-0.164556176304012;-1.67520613340734e-18;4.80663638912378e-35;7.08948649030022e-20;-1.71756831699777e-18;-3.60354913495118e-35;1.46662237676703e-18;-0.0240748883660083;1.48039492638595e-18;6.6545084320724e-36;-5.48221091278267e-20;1.51783077407497e-18;-4.97431001120862e-36;1.06220465562051e-17;1;1.07217945660319e-17;-2.4151669738699e-34;-4.64413932756698e-19;1.09929245605846e-17;1.81121873018613e-34;-2.1694967565609e-18;-0.241205301521558;-2.18986975931959e-18;2.4739720350304e-35;1.09342311209894e-19;-2.24524662484888e-18;-1.84944063790951e-35;-1.93944735218305e-18;-0.170676123113944;-1.9576600395894e-18;2.25789250000809e-35;6.55796340721973e-20;-2.00716484520766e-18;-1.71713724137491e-35;1.71377396630174e-18;0.0441062320700778;1.72986743205027e-18;-4.94643269772376e-35;-6.04445045029863e-20;1.77361187655909e-18;3.71452151693839e-35;-6.74094016243121e-19;0.00935373194619579;-6.80424202822574e-19;9.10003541630756e-36;1.41747771924381e-20;-6.97630595770017e-19;-6.95519348197148e-36;0;0;0;0;0;0;0;0;0;0;0;0;0;0;0;0;0;0;0;0;0;0;0;0;0
"B.GUIGUI";4.7146639343484e-19;-2.21806984567906e-18;-0.164556176304011;2.26630229598835e-18;1.74479163711646e-18;-2.29373878509205e-18;-4.30849445843084e-19;-3.73996410786617e-19;-1.98169588048233e-18;-0.0240748883660087;2.02478832334193e-18;8.79347870220517e-19;7.64894593900178e-19;-3.8493493502859e-19;-2.97993167339941e-18;1.07217945660319e-17;1;-1.09549425097903e-17;-9.13400783543789e-18;1.3568110702362e-17;2.08265725095056e-18;6.0279193452047e-19;-1.64972209304086e-18;-0.241205301521559;1.68559568783852e-18;1.62327634278236e-18;-2.59826891581548e-18;-3.2045061654231e-19;5.36883422519056e-19;-1.29087554967487e-18;-0.170676123113944;1.31894594201464e-18;1.1552926142501e-18;-2.26386755565528e-18;-2.50746393903366e-19;-4.69931421911008e-19;7.26505105066562e-19;0.0441062320700776;-7.42303129392909e-19;-7.85547469572841e-19;1.86783647635998e-18;1.41120137641236e-19;1.7975765194651e-19;1.84255796623295e-19;0.0093537319461958;-1.88262482243298e-19;-2.95594776971542e-20;-5.84201079662264e-19;3.57908061475936e-20;0;0;0;0;0;0;0;0;0;0;0;0;0;0;0;0;0;0;0;0;0;0;0;0;0
"B.GUILEP";2.06460069504547e-18;4.80663638912378e-35;1.71163388465457e-18;-0.16455617630401;-2.17279422809547e-19;-4.22357445905571e-19;5.98977483928455e-36;-1.82450644909089e-18;6.65450843207249e-36;-1.51258646213229e-18;-0.0240748883660086;1.68019450277449e-19;3.73241123925561e-19;7.92616419933973e-37;-1.32140302448273e-17;-2.4151669738699e-34;-1.09549425097903e-17;1;1.42334132933535e-18;2.70320749078372e-18;-3.02373702328891e-35;2.69889569825916e-18;2.47397203503037e-35;2.23748899212059e-18;-0.241205301521559;-3.35113612260262e-19;-5.521158142675e-19;2.94981255216405e-36;2.41270981391304e-18;2.25789250000811e-35;2.00022981743747e-18;-0.170676123113945;-2.00989240317537e-19;-4.93570479347902e-19;3.42585358263781e-36;-2.13196778075499e-18;-4.94643269772377e-35;-1.76748380608853e-18;0.0441062320700774;1.85251034308158e-19;4.36138798554851e-19;-6.31877317092155e-36;8.3858592328333e-19;9.10003541630756e-36;6.9522018709503e-19;0.0093537319461958;-4.34430252605877e-20;-1.71550367865449e-19;1.46752032066984e-36;0;0;0;0;0;0;0;0;0;0;0;0;0;0;0;0;0;0;0;0;0;0;0;0;0
"B.GUIRHI";1.94545386394814e-18;9.95401810882815e-20;1.58227021528289e-18;-3.05071927604501e-19;-0.16455617630401;-2.61082606978614e-18;-9.6646139970378e-19;9.45684104386217e-19;7.72892331460938e-20;-4.4795243576978e-19;-2.36876958441953e-19;-0.0240748883660085;7.37294160968418e-19;-7.5042118300105e-19;-9.66693919946844e-18;-4.64413932756698e-19;-9.13400783543789e-18;1.42334132933535e-18;1;1.50696428744603e-17;4.50911515919295e-18;1.48583257992591e-18;6.45560891427619e-20;1.6913400242872e-18;-1.97852267677961e-19;-0.241205301521559;-2.79006276099744e-18;-6.26791789910274e-19;9.63944310450078e-19;3.51179078861983e-20;1.38207069114783e-18;-1.07629780608682e-19;-0.170676123113944;-2.27957758398879e-18;-3.40968863420729e-19;-1.0076849654758e-18;-4.06994595782914e-20;-1.27684977024519e-18;1.24736186435096e-19;0.0441062320700774;2.10617174996841e-18;3.95161594455389e-19;-1.5611663174384e-19;-1.82512029733277e-20;3.05218649740666e-19;5.59365033426657e-20;0.00935373194619556;-5.0296928473325e-19;1.77205656841595e-19;0;0;0;0;0;0;0;0;0;0;0;0;0;0;0;0;0;0;0;0;0;0;0;0;0
"B.GUISKE";-3.49389717978434e-18;-2.27415982776861e-18;-2.63308565215704e-18;-5.59225695380963e-19;-2.87831283719387e-18;-0.16455617630401;-2.22342455989795e-18;-2.05246274003371e-18;-2.03180849828818e-18;-1.39927597460004e-18;-4.99630459768982e-19;-1.44903654801622e-18;-0.0240748883660085;-1.98647995665982e-18;1.78312861807481e-17;1.09929245605846e-17;1.3568110702362e-17;2.70320749078372e-18;1.50696428744603e-17;1;1.07476783973849e-17;-2.93760520716498e-18;-1.69143984274637e-18;-2.2606198629121e-18;-4.15932341564155e-19;-2.6786149494119e-18;-0.24120530152156;-1.65370474055124e-18;-2.3862884393518e-18;-1.32351887991185e-18;-1.84705718033447e-18;-3.25458992341265e-19;-1.90616684821411e-18;-0.170676123113945;-1.29399189412824e-18;1.56855929696802e-18;7.44876780066136e-19;1.24062958355053e-18;1.83168408050872e-19;1.29638655692749e-18;0.0441062320700776;7.28258984559492e-19;-4.08169811511038e-21;1.88915210010403e-19;-4.36852150121773e-20;4.64550637101737e-20;4.84933748128873e-20;0.0093537319461953;1.8470061450674e-19;0;0;0;0;0;0;0;0;0;0;0;0;0;0;0;0;0;0;0;0;0;0;0;0;0
"B.GUITHP";-4.87598496292758e-19;-3.60354913495121e-35;-3.2540076934797e-19;5.98977483928479e-36;-6.88336605548252e-19;-1.67925030276457e-18;-0.164556176304012;4.30895234699872e-19;-4.97431001120857e-36;2.87559625277281e-19;7.92616419933896e-37;5.32282056784717e-19;1.48396879570181e-18;-0.0240748883660082;3.12076872433811e-18;1.81121873018613e-34;2.08265725095056e-18;-3.02373702328891e-35;4.50911515919295e-18;1.07476783973849e-17;1;-6.37400484888014e-19;-1.84944063790955e-35;-4.25371714109631e-19;2.94981255216393e-36;-1.06163281986638e-18;-2.19515639479713e-18;-0.241205301521558;-5.69811721984728e-19;-1.71713724137486e-35;-3.80266088035668e-19;3.42585358263769e-36;-6.36729652734578e-19;-1.96238609006531e-18;-0.170676123113944;5.03508638031249e-19;3.71452151693838e-35;3.36018464852575e-19;-6.31877317092157e-36;5.86871349717042e-19;1.73404356101809e-18;0.0441062320700776;-1.98049548363736e-19;-6.95519348197144e-36;-1.32169143048144e-19;1.46752032066981e-36;-1.37626583115656e-19;-6.8206683691764e-19;0.00935373194619564;0;0;0;0;0;0;0;0;0;0;0;0;0;0;0;0;0;0;0;0;0;0;0;0;0
"B.LEPCHA";-0.449863658147131;-3.53555481488353e-18;9.78457206211542e-19;4.3982982007195e-18;2.33525476957055e-18;-4.31815443498083e-18;-1.03874981446264e-18;0.0881411978264465;1.11746867442042e-18;-3.1541693256182e-19;-1.39015252694524e-18;-1.04195743506024e-18;2.10731816405361e-18;3.28313500708729e-19;-0.241205301521559;-2.1694967565609e-18;6.0279193452047e-19;2.69889569825917e-18;1.48583257992591e-18;-2.93760520716499e-18;-6.37400484888013e-19;1;1.0947597748098e-17;-3.07126250149372e-18;-1.36190221899434e-17;-1.00251466048073e-17;1.83777907021141e-17;3.21641601532431e-18;-0.100703964444548;-2.75562050289013e-18;7.69569771141689e-19;3.42804491354678e-18;2.43065829998892e-18;-4.20424624454086e-18;-8.09604273155888e-19;0.264119185702456;1.97085235224627e-18;-5.54285954735042e-19;-2.45177823810773e-18;-1.8420724013644e-18;3.47467970259344e-18;5.79038544844765e-19;-0.039454856251276;-4.7643325279149e-19;1.35666304187402e-19;5.92692131287108e-19;5.45015758633767e-19;-1.04167374038953e-18;-1.39976603065985e-19;0;0;0;0;0;0;0;0;0;0;0;0;0;0;0;0;0;0;0;0;0;0;0;0;0
"B.LEPDIT";-2.30703937882582e-18;-0.449863658147132;-2.32870399735409e-18;2.94418107782934e-35;9.9862219997337e-20;-2.3875916675318e-18;-2.20417720580603e-35;1.29328807722854e-18;0.0881411978264465;1.30543290366604e-18;-1.61913258704451e-35;-5.04059706896034e-20;1.33844435654179e-18;1.24209961610514e-35;-1.63437424296457e-18;-0.241205301521558;-1.64972209304086e-18;2.47397203503038e-35;6.45560891427619e-20;-1.69143984274637e-18;-1.84944063790955e-35;1.0947597748098e-17;1;1.10504028979322e-17;-2.74802124423014e-34;-4.82487876979495e-19;1.13298426558076e-17;2.05980806588982e-34;-2.43528832368635e-18;-0.100703964444548;-2.45815728423521e-18;8.20844889773293e-35;1.15694145553619e-19;-2.52031853597156e-18;-6.16676474897702e-35;2.09712225581333e-18;0.264119185702456;2.1168156143647e-18;-1.52431629600906e-35;-8.91724734772034e-20;2.17034510538947e-18;1.15407982472907e-35;-6.60203554477752e-19;-0.039454856251276;-6.66403300476907e-19;1.40858216515613e-35;2.77399020482205e-20;-6.83255136437339e-19;-1.05825926776222e-35;0;0;0;0;0;0;0;0;0;0;0;0;0;0;0;0;0;0;0;0;0;0;0;0;0
"B.LEPGUI";6.60636672781408e-19;-3.56875600210786e-18;-0.449863658147132;3.64635944046354e-18;2.72559556798509e-18;-3.34394831234373e-18;-6.9321376369311e-19;-3.60901925869804e-19;1.12796244092082e-18;0.0881411978264467;-1.15249024940641e-18;-9.69826826092697e-19;1.5951633989714e-18;2.19101302670554e-19;4.64354176450938e-19;-2.18986975931959e-18;-0.241205301521559;2.23748899212059e-18;1.69134002428719e-18;-2.2606198629121e-18;-4.25371714109631e-19;-3.07126250149372e-18;1.10504028979322e-17;1;-1.12906965071306e-17;-9.43603679584692e-18;1.39839547289831e-17;2.14648784581414e-18;6.86698900266789e-19;-2.78149759348152e-18;-0.100703964444549;2.84198191264057e-18;2.34206253407806e-18;-3.21425251897128e-18;-5.4029258776498e-19;-5.86952347789602e-19;1.98935995327763e-18;0.264119185702456;-2.03261905320217e-18;-1.71202813788063e-18;2.63795784395895e-18;3.86423644468101e-19;1.83208218270278e-19;-4.80907274678862e-19;-0.039454856251276;4.91364716438207e-19;4.49423495435971e-19;-7.83920882582875e-19;-9.34139351837517e-20;0;0;0;0;0;0;0;0;0;0;0;0;0;0;0;0;0;0;0;0;0;0;0;0;0
"B.LEPLEP";2.87000136616825e-18;2.94418107782929e-35;2.379342213304e-18;-0.44986365814713;-3.06058916272553e-19;-5.87119073276104e-19;3.59147419459624e-36;-1.60887524615387e-18;-1.61913258704451e-35;-1.33381984909108e-18;0.0881411978264461;1.54484816813981e-19;3.29129231321542e-19;-2.72631700507951e-36;2.03319299756643e-18;2.4739720350304e-35;1.68559568783852e-18;-0.241205301521559;-1.9785226767796e-19;-4.15932341564154e-19;2.94981255216395e-36;-1.36190221899434e-17;-2.74802124423014e-34;-1.12906965071306e-17;1;1.47873456795701e-18;2.78605710134621e-18;-3.41461416276492e-35;3.02954552061038e-18;8.20844889773294e-35;2.51161049234556e-18;-0.100703964444549;-3.54580789493404e-19;-6.19757181817414e-19;1.05519103302325e-35;-2.60886042711133e-18;-1.52431629600907e-35;-2.1628462676071e-18;0.264119185702456;2.73296854350963e-19;5.33697208066947e-19;-2.18305348206731e-36;8.21305921646067e-19;1.40858216515613e-35;6.80894396931256e-19;-0.0394548562512761;-8.5017580808955e-20;-1.68015380507228e-19;1.81155628808149e-36;0;0;0;0;0;0;0;0;0;0;0;0;0;0;0;0;0;0;0;0;0;0;0;0;0
"B.LEPRHI";3.01519828154071e-18;1.57645327112123e-19;2.3103545221015e-18;-4.83153268299616e-19;-0.449863658147131;-3.81241787116778e-18;-1.53061931203861e-18;-5.00149232683394e-19;-1.45724449459909e-20;-8.70744411679509e-19;4.46618021082484e-20;0.088141197826447;1.43606716342764e-18;1.41487642333281e-19;2.09834782126127e-18;1.09342311209894e-19;1.62327634278237e-18;-3.35113612260262e-19;-0.241205301521559;-2.6786149494119e-18;-1.06163281986638e-18;-1.00251466048073e-17;-4.82487876979495e-19;-9.43603679584693e-18;1.47873456795701e-18;1;1.55679897168294e-17;4.68459976491456e-18;1.84323312060902e-18;8.33397631154157e-20;1.96108767448657e-18;-2.55420694454777e-19;-0.10070396444455;-3.23519187733265e-18;-8.09167345597591e-19;-1.38541863007135e-18;-5.92494384254828e-20;-1.61678477413024e-18;1.81588381619638e-19;0.264119185702456;2.66703200618571e-18;5.75268143641118e-19;5.0073175406498e-19;2.26573987579979e-20;5.32016953339878e-19;-6.94406644435985e-20;-0.0394548562512769;-8.77665294866434e-19;-2.19986552946705e-19;0;0;0;0;0;0;0;0;0;0;0;0;0;0;0;0;0;0;0;0;0;0;0;0;0
"B.LEPSKE";-5.48983958526275e-18;-3.6590017897372e-18;-4.11911112632128e-18;-8.99764297689534e-19;-4.4961148388827e-18;-0.44986365814713;-3.57737145150202e-18;1.93963204684635e-18;1.15648606619448e-18;1.48422571025181e-18;2.84384904116691e-19;1.60007739484983e-18;0.0881411978264467;1.13068549156441e-18;-3.44797331843135e-18;-2.24524662484888e-18;-2.59826891581548e-18;-5.52115814267499e-19;-2.79006276099744e-18;-0.24120530152156;-2.19515639479713e-18;1.83777907021141e-17;1.13298426558076e-17;1.39839547289831e-17;2.78605710134621e-18;1.55679897168294e-17;1;1.10770800332971e-17;-4.50976007571816e-18;-2.8518353921331e-18;-3.41637419050351e-18;-7.01278604434124e-19;-3.86396683390942e-18;-0.100703964444549;-2.78821249686599e-18;3.35425095860319e-18;2.03966637819314e-18;2.55828466208685e-18;5.01562746277788e-19;2.82460816869778e-18;0.264119185702455;1.99416253154138e-18;-8.66404527460811e-19;-4.93068334654512e-19;-6.67966373588059e-19;-1.21247626904071e-19;-7.41562198316659e-19;-0.0394548562512765;-4.82068248498848e-19;0;0;0;0;0;0;0;0;0;0;0;0;0;0;0;0;0;0;0;0;0;0;0;0;0
"B.LEPTHP";-6.77810655522885e-19;-2.20417720580605e-35;-4.52339600011748e-19;3.59147419459611e-36;-9.69588158881861e-19;-2.33432579706005e-18;-0.44986365814713;3.79969430713559e-19;1.24209961610513e-35;2.53574090205287e-19;-2.72631700507951e-36;4.8940462488105e-19;1.3085843914989e-18;0.0881411978264463;-4.80180913755084e-19;-1.84944063790951e-35;-3.2045061654231e-19;2.94981255216405e-36;-6.26791789910273e-19;-1.65370474055124e-18;-0.241205301521558;3.21641601532431e-18;2.05980806588982e-34;2.14648784581414e-18;-3.41461416276492e-35;4.68459976491456e-18;1.10770800332972e-17;1;-7.15490333721663e-19;-6.16676474897702e-35;-4.77485281074937e-19;1.05519103302325e-35;-1.12330442467368e-18;-2.46409160131178e-18;-0.10070396444455;6.16136778578931e-19;1.15407982472907e-35;4.11181296286824e-19;-2.18305348206726e-36;8.65798641207953e-19;2.12192588746593e-18;0.264119185702456;-1.93968515728959e-19;-1.05825926776221e-35;-1.29445649909451e-19;1.8115562880815e-36;-2.69333893791013e-19;-6.68012086257722e-19;-0.0394548562512763;0;0;0;0;0;0;0;0;0;0;0;0;0;0;0;0;0;0;0;0;0;0;0;0;0
"B.RHICHA";-0.35240055114162;-2.03466865585019e-18;5.7758324534402e-19;2.53116694738079e-18;3.01350422847274e-18;-4.23200352263791e-18;-5.97787843610885e-19;-0.0681278549396395;-3.6613090283604e-19;9.66531194057147e-20;4.55473886133084e-19;-1.22276503767886e-20;1.16076118701176e-19;-1.0756965378926e-19;-0.170676123113945;-1.93944735218305e-18;5.36883422519056e-19;2.41270981391305e-18;9.63944310450078e-19;-2.3862884393518e-18;-5.69811721984728e-19;-0.100703964444548;-2.43528832368635e-18;6.86698900266789e-19;3.02954552061038e-18;1.84323312060902e-18;-4.50976007571816e-18;-7.15490333721663e-19;1;1.19513005774854e-17;-3.35284344130093e-18;-1.48676478172334e-17;-1.07338363715324e-17;2.00627119926142e-17;3.51130498817035e-18;-0.0721450563678213;-1.36773586753892e-18;3.77776246925355e-19;1.70148972940026e-18;6.35245527300083e-19;-1.58108100807318e-18;-4.01842271730346e-19;0.00510728497715643;-9.84188367059371e-19;2.61821150529959e-19;1.22434926076769e-18;-3.17237072199021e-19;6.97360942325532e-20;-2.89155602785608e-19;0;0;0;0;0;0;0;0;0;0;0;0;0;0;0;0;0;0;0;0;0;0;0;0;0
"B.RHIDIT";-2.65492403730186e-18;-0.35240055114162;-2.67985552179133e-18;2.31924281324218e-35;1.61003109602613e-19;-2.74762302177007e-18;-1.71119077062455e-35;1.89019716346273e-19;-0.0681278549396394;1.9079473591749e-19;-8.51912223040793e-36;-5.41312147055915e-21;1.95619504326497e-19;6.19486467236616e-36;-1.27886615458519e-18;-0.170676123113944;-1.29087554967487e-18;2.25789250000812e-35;3.51179078861983e-20;-1.32351887991185e-18;-1.71713724137486e-35;-2.75562050289013e-18;-0.100703964444548;-2.78149759348152e-18;8.20844889773294e-35;8.33397631154158e-20;-2.8518353921331e-18;-6.16676474897702e-35;1.19513005774854e-17;1;1.20635311576413e-17;-3.06190082548691e-34;-5.13673878136334e-19;1.23685906434312e-17;2.29742809928439e-34;-8.24557028840312e-19;-0.0721450563678208;-8.32300162160272e-19;2.77132497385031e-35;2.20034327951859e-20;-8.53347155463775e-19;-2.0728926820951e-35;3.24023344788301e-19;0.00510728497715597;3.27066137305654e-19;1.5598156520122e-35;-3.21849250062351e-20;3.35336902006451e-19;-1.17207155263859e-35;0;0;0;0;0;0;0;0;0;0;0;0;0;0;0;0;0;0;0;0;0;0;0;0;0
"B.RHIGUI";7.38045125113705e-19;-2.0537755339837e-18;-0.35240055114162;2.09843536585614e-18;2.16393098905166e-18;-3.19081723234107e-18;-3.98936062553095e-19;-4.69659681075632e-20;-3.69569113043531e-19;-0.0681278549396393;3.77605480300151e-19;1.91655491067189e-19;6.20263291267582e-20;-7.17870304515944e-20;3.65989136267211e-19;-1.9576600395894e-18;-0.170676123113944;2.00022981743747e-18;1.38207069114783e-18;-1.84705718033448e-18;-3.80266088035668e-19;7.69569771141689e-19;-2.45815728423521e-18;-0.100703964444549;2.51161049234556e-18;1.96108767448657e-18;-3.41637419050351e-18;-4.77485281074937e-19;-3.35284344130093e-18;1.20635311576413e-17;1;-1.23258554790549e-17;-1.0226112039414e-17;1.52660382737447e-17;2.34328315869123e-18;2.37254294008649e-19;-1.38057980773761e-18;-0.0721450563678213;1.41060084026033e-18;9.58777509100583e-19;-1.22880054804354e-18;-2.68171016464908e-19;-7.66170423454813e-20;-9.93430543733081e-19;0.00510728497715638;1.01503292448303e-18;4.13778001722803e-19;-8.90752902377972e-21;-1.92969125875276e-19;0;0;0;0;0;0;0;0;0;0;0;0;0;0;0;0;0;0;0;0;0;0;0;0;0
"B.RHILEP";3.30277657332729e-18;2.31924281324222e-35;2.73812961020324e-18;-0.352400551141619;-4.93444239901742e-19;-6.75652333768353e-19;2.19852123686726e-36;-2.35144163175343e-19;-8.51912223040799e-36;-1.94943612309885e-19;-0.0681278549396391;1.65901988857773e-20;4.81036785547292e-20;-5.79799687835368e-37;1.59093409696109e-18;2.2578925000081e-35;1.31894594201464e-18;-0.170676123113945;-1.07629780608682e-19;-3.25458992341265e-19;3.42585358263771e-36;3.42804491354679e-18;8.20844889773293e-35;2.84198191264057e-18;-0.100703964444549;-2.55420694454777e-19;-7.01278604434124e-19;1.05519103302325e-35;-1.48676478172334e-17;-3.06190082548691e-34;-1.23258554790549e-17;1;1.57431379418681e-18;3.0414897049e-18;-3.86357767349722e-35;1.02576480530637e-18;2.77132497385031e-35;8.50398724877788e-19;-0.0721450563678214;-6.74363818043525e-20;-2.09841740491849e-19;3.3335534664817e-36;-4.03091273927965e-19;1.55981565201219e-35;-3.34178267361512e-19;0.00510728497715596;9.8640739891267e-20;8.24607883410999e-20;2.01086178942097e-36;0;0;0;0;0;0;0;0;0;0;0;0;0;0;0;0;0;0;0;0;0;0;0;0;0
"B.RHIRHI";2.11128816163899e-18;9.71698196679299e-20;2.17426383701035e-18;-2.9780721580953e-19;-0.35240055114162;-3.58695070597802e-18;-9.43446946735435e-19;-2.836011119145e-19;-1.51833300005246e-20;-2.02329034204635e-19;4.6534049868841e-20;-0.0681278549396392;3.33896225002359e-19;1.47418883550729e-19;1.31973949584119e-18;6.55796340721973e-20;1.1552926142501e-18;-2.00989240317537e-19;-0.170676123113944;-1.90616684821412e-18;-6.36729652734578e-19;2.43065829998892e-18;1.15694145553619e-19;2.34206253407806e-18;-3.54580789493404e-19;-0.10070396444455;-3.86396683390943e-18;-1.12330442467368e-18;-1.07338363715324e-17;-5.13673878136334e-19;-1.0226112039414e-17;1.57431379418681e-18;1;1.68713291045093e-17;4.98739272751194e-18;1.52861068204737e-18;8.43079403055936e-20;9.86552946413726e-19;-2.58387975390385e-19;-0.0721450563678218;-1.62825256526328e-18;-8.18567628700854e-19;8.2589491920735e-19;5.53343207435125e-20;1.2104480017109e-19;-1.69589282512335e-19;0.00510728497715628;-2.0056711301485e-19;-5.37255252027363e-19;0;0;0;0;0;0;0;0;0;0;0;0;0;0;0;0;0;0;0;0;0;0;0;0;0
"B.RHISKE";-3.64044073189138e-18;-2.10571088360377e-18;-2.7994514482743e-18;-5.17803374580765e-19;-3.57103209830232e-18;-0.35240055114162;-2.05873361998608e-18;-4.13393611653249e-19;-3.78914682107491e-19;-2.88259962372893e-19;-9.31767521368663e-20;-3.159348295181e-19;-0.0681278549396397;-3.70461301803202e-19;-3.01631160150642e-18;-2.00716484520766e-18;-2.26386755565528e-18;-4.93570479347903e-19;-2.27957758398879e-18;-0.170676123113945;-1.96238609006531e-18;-4.20424624454086e-18;-2.52031853597156e-18;-3.21425251897128e-18;-6.19757181817414e-19;-3.23519187733265e-18;-0.100703964444549;-2.46409160131178e-18;2.00627119926142e-17;1.23685906434312e-17;1.52660382737447e-17;3.0414897049e-18;1.68713291045093e-17;1;1.20926541187355e-17;-2.09913276433995e-18;-1.41549155627433e-18;-1.57153294255852e-18;-3.48075469541691e-19;-1.58135943995934e-18;-0.0721450563678215;-1.38391271014429e-18;-1.17795863650322e-18;-1.01855216085157e-18;-8.34356719217414e-19;-2.50466362776665e-19;-6.81733508142196e-19;0.00510728497715626;-9.95828816568533e-19;0;0;0;0;0;0;0;0;0;0;0;0;0;0;0;0;0;0;0;0;0;0;0;0;0
"B.RHITHP";-7.80019543057361e-19;-1.71119077062451e-35;-5.20549102072947e-19;2.19852123686721e-36;-1.56322089192504e-18;-2.68632504776003e-18;-0.352400551141618;5.55341963467592e-20;6.19486467236585e-36;3.70609637924455e-20;-5.79799687835362e-37;5.2557398389335e-20;1.91255339665954e-19;-0.0681278549396393;-3.75732254300147e-19;-1.71713724137491e-35;-2.50746393903366e-19;3.42585358263782e-36;-3.40968863420729e-19;-1.29399189412824e-18;-0.170676123113944;-8.09604273155888e-19;-6.16676474897702e-35;-5.4029258776498e-19;1.05519103302324e-35;-8.09167345597591e-19;-2.78821249686599e-18;-0.10070396444455;3.51130498817035e-18;2.29742809928439e-34;2.34328315869122e-18;-3.86357767349722e-35;4.98739272751194e-18;1.20926541187355e-17;1;-2.42255743601012e-19;-2.07289268209509e-35;-1.6167032086047e-19;3.33355346648168e-36;-2.13637028032568e-19;-8.34309444925378e-19;-0.0721450563678216;9.51984078604936e-20;-1.17207155263859e-35;6.35310309486826e-20;2.01086178942102e-36;3.12491772978599e-19;3.27855718255659e-19;0.00510728497715588;0;0;0;0;0;0;0;0;0;0;0;0;0;0;0;0;0;0;0;0;0;0;0;0;0
"B.SKECHA";-0.0704220037533319;6.97026445134951e-20;-8.73767691535092e-21;-8.6711430596004e-20;-8.07468003330673e-20;-1.18682675774326e-18;2.04787120683727e-20;-0.220068628255902;-1.62952828359877e-18;4.62788849874876e-19;2.027164530897e-18;2.18282606582653e-18;-3.41502804258938e-18;-4.78757165671495e-19;0.0441062320700774;1.71377396630174e-18;-4.69931421911008e-19;-2.13196778075499e-18;-1.0076849654758e-18;1.56855929696802e-18;5.03508638031249e-19;0.264119185702456;2.09712225581333e-18;-5.86952347789602e-19;-2.60886042711133e-18;-1.38541863007135e-18;3.35425095860319e-18;6.1613677857893e-19;-0.0721450563678212;-8.24557028840311e-19;2.37254294008649e-19;1.02576480530637e-18;1.52861068204737e-18;-2.09913276433995e-18;-2.42255743601012e-19;1;1.24138539586704e-17;-3.48260915678124e-18;-1.54430731212446e-17;-1.12888405401763e-17;2.08392028195128e-17;3.64720367000164e-18;-0.29678321533399;-2.95480614519966e-18;8.30175697166221e-19;3.67583568417527e-18;2.7118977498388e-18;-5.10827588613166e-18;-8.68125229505258e-19;0;0;0;0;0;0;0;0;0;0;0;0;0;0;0;0;0;0;0;0;0;0;0;0;0
