"B.CHACHA";"B.CHADIT";"B.CHAGUI";"B.CHALEP";"B.CHASKE";"B.CHATHP";"B.DITCHA";"B.DITDIT";"B.DITGUI";"B.DITLEP";"B.DITSKE";"B.DITTHP";"B.GUICHA";"B.GUIDIT";"B.GUIGUI";"B.GUILEP";"B.GUISKE";"B.GUITHP";"B.LEPCHA";"B.LEPDIT";"B.LEPGUI";"B.LEPLEP";"B.LEPSKE";"B.LEPTHP";"B.SKECHA";"B.SKEDIT";"B.SKEGUI";"B.SKELEP";"B.SKESKE";"B.SKETHP";"B.THPCHA";"B.THPDIT";"B.THPGUI";"B.THPLEP";"B.THPSKE";"B.THPTHP";"B.NITNIT";"B.NITPLE";"B.NITPSE";"B.PLENIT";"B.PLEPLE";"B.PLEPSE";"B.PSENIT";"B.PSEPLE";"B.PSEPSE";"B.PROPRO";"B.PROPRP";"B.PRPPRO";"B.PRPPRP"
"B.CHACHA";1;4.27835138881454e-18;-5.32536956215269e-18;4.854726787398e-35;7.82649320764358e-18;6.80827457435653e-18;-0.0762214655923023;-6.22392621434671e-19;5.39448388812747e-19;-6.06450070175264e-36;-1.13855809901011e-18;-9.9043287348001e-19;-0.447653669408512;-1.45154326186496e-18;1.83783534596499e-18;-8.19036990486274e-36;-2.65534371704209e-18;-2.30988625879842e-18;-0.445868442760912;-2.05482980789954e-18;2.46968715728357e-18;-1.89213388217864e-35;-3.7589506033644e-18;-3.26991503604119e-18;0.0272448893815834;4.81574829652056e-19;-4.77156999155939e-19;4.36709414259404e-36;8.80956656131105e-19;7.66345110628844e-19;-0.0108351914544589;2.12091191415509e-19;-9.44641646421963e-20;-3.33225349715129e-36;3.8798362223222e-19;3.37507356159284e-19;0;0;0;0;0;0;0;0;0;0;0;0;0
"B.CHADIT";4.27835138881454e-18;1;2.40870766032572e-18;1.19179905345278e-17;1.08214864285247e-17;1.03853933823394e-17;-4.4674977901333e-19;-0.0762214655923023;-2.57038460346138e-19;-1.24448862510533e-18;-1.88973460381166e-18;-1.47053766059239e-18;-1.27570391757652e-18;-0.447653669408511;-6.3528789761071e-19;-3.55366491267788e-18;-3.98730715326606e-18;-3.48319674637258e-18;-1.60389418627961e-18;-0.445868442760912;-7.45949457450349e-19;-4.46788821050093e-18;-6.00734855728745e-18;-4.88455041122863e-18;1.11833124427499e-19;0.0272448893815834;-4.91766684988268e-20;3.11527968894312e-19;1.88218582243189e-18;1.08420429019057e-18;-5.72255924256121e-19;-0.0108351914544589;-5.89876066931573e-19;-1.59410484759215e-18;1.94525695800863e-18;3.34980067337401e-19;0;0;0;0;0;0;0;0;0;0;0;0;0
"B.CHAGUI";-5.32536956215269e-18;2.40870766032572e-18;1;-4.19896809354923e-18;1.28905888268489e-17;4.31465362570015e-18;4.63745285018363e-19;-4.53588248805951e-19;-0.0762214655923025;3.65655685037352e-19;-1.62186375585795e-18;-6.86057720892878e-19;1.46083386070573e-18;-9.3200469777942e-19;-0.447653669408512;1.15184396115415e-18;-4.09157781688325e-18;-1.52881057261071e-18;1.99914073302109e-18;-1.34220446512229e-18;-0.445868442760914;1.57629025638493e-18;-5.73601218764342e-18;-2.17713584851884e-18;2.47489542635281e-20;4.78237253774388e-19;0.0272448893815831;1.95141516637294e-20;9.42353863055448e-19;6.02852060783894e-19;5.12219809524693e-19;3.76966640216202e-19;-0.0108351914544587;4.03877066553972e-19;6.51416742969696e-21;3.59627380978713e-19;0;0;0;0;0;0;0;0;0;0;0;0;0
"B.CHALEP";4.85472678739799e-35;1.19179905345278e-17;-4.19896809354923e-18;1;-5.11879941925666e-18;2.06475666889894e-18;-6.06450070175258e-36;-1.73376814966891e-18;4.25346362596032e-19;-0.0762214655923024;7.44656691238299e-19;-3.00370212493651e-19;-8.19036990486296e-36;-4.04349182271299e-18;1.44910355776033e-18;-0.44765366940851;1.73668736637341e-18;-7.00523018741912e-19;-1.89213388217862e-35;-5.72403712903021e-18;1.94730853013139e-18;-0.445868442760912;2.45848474598106e-18;-9.9167253078025e-19;4.36709414259409e-36;1.3414990354615e-18;-3.76230605535587e-19;0.0272448893815834;-5.76176366624853e-19;2.32410746741741e-19;-3.33225349715136e-36;5.90811876358557e-19;-7.44834717453906e-20;-0.0108351914544588;-2.53754815531404e-19;1.02356413041434e-19;0;0;0;0;0;0;0;0;0;0;0;0;0
"B.CHASKE";7.82649320764358e-18;1.08214864285247e-17;1.28905888268489e-17;-5.11879941925665e-18;1;7.85360470830815e-18;-8.17250336217226e-19;-8.14510308576004e-19;-1.33249537338841e-18;5.34510212355444e-19;-0.0762214655923025;-9.34984289869752e-19;-2.33367648856055e-18;-2.91087994205234e-18;-4.04733498375747e-18;1.52630578439782e-18;-0.44765366940851;-2.45679199335317e-18;-2.93404300252547e-18;-3.24687776742264e-18;-5.21816266817744e-18;1.91896641560152e-18;-0.445868442760912;-3.2392021233395e-18;2.04579079457964e-19;-3.81244095569724e-19;6.12340046358201e-19;-1.33801850373897e-19;0.0272448893815834;4.47167296757174e-19;-1.04684180825673e-18;-2.85624285286937e-18;-1.06678900418565e-18;6.84671039505254e-19;-0.010835191454459;-5.37359885024617e-19;0;0;0;0;0;0;0;0;0;0;0;0;0
"B.CHATHP";6.80827457435653e-18;1.03853933823394e-17;4.31465362570015e-18;2.06475666889894e-18;7.85360470830815e-18;1;-7.10926916734303e-19;-1.12472939470848e-18;-4.5366321712037e-19;-2.15603979597966e-19;-1.02759919777053e-18;-0.0762214655923023;-2.03006760247661e-18;-3.1370016046617e-18;-1.23960234500278e-18;-6.15661952929597e-19;-2.54951051493997e-18;-0.447653669408511;-2.5523270568553e-18;-3.99674158743607e-18;-1.52864362548486e-18;-7.74048439776866e-19;-3.47697646409701e-18;-0.445868442760913;1.77963553812144e-19;3.56251268330751e-19;4.93299196056352e-20;5.39713007372808e-20;6.42128807880444e-19;0.0272448893815831;-9.10648776845178e-19;-1.20925431296716e-18;-7.28584051032125e-19;-2.76173957803906e-19;-1.23780630221209e-19;-0.0108351914544588;0;0;0;0;0;0;0;0;0;0;0;0;0
"B.DITCHA";-0.0762214655923023;-4.4674977901333e-19;4.63745285018362e-19;-6.06450070175259e-36;-8.17250336217226e-19;-7.10926916734303e-19;1;4.47810585149578e-18;-5.4228495208148e-18;5.19767140174764e-35;8.19190894919734e-18;7.12615010766181e-18;-0.0578007633141608;-8.48624085918017e-20;2.04094931052181e-19;-1.57202951401125e-37;-1.55240886983813e-19;-1.35044208908306e-19;0.0447226134333637;2.31555402215506e-19;-2.0891702853822e-19;5.98718025440026e-36;4.23589980797484e-19;3.68481364476127e-19;-0.387275370326499;-1.37574372807881e-18;1.4537010816421e-18;-1.54675798563893e-35;-2.51668176938841e-18;-2.18926408644165e-18;-0.167474514025038;-4.59113024668273e-19;4.28269946670046e-19;-4.11128402818762e-36;-8.39866724949524e-19;-7.30600936794719e-19;0;0;0;0;0;0;0;0;0;0;0;0;0
"B.DITDIT";-6.22392621434671e-19;-0.0762214655923024;-4.53588248805951e-19;-1.73376814966891e-18;-8.14510308576005e-19;-1.12472939470848e-18;4.47810585149578e-18;1;2.57132611795945e-18;1.2474436599638e-17;1.1326737168937e-17;1.08702831181956e-17;-1.37589462107175e-19;-0.0578007633141609;-6.65679527828465e-20;-3.83276116901298e-19;-1.19941989456357e-19;-2.18088131498097e-19;5.93695618368671e-19;0.0447226134333635;5.10135241361968e-19;1.65382833644925e-18;-6.47700924927592e-20;6.45125499732242e-19;-1.90539190157444e-18;-0.387275370326501;-1.37733541537876e-18;-5.30775539075632e-18;-2.52842409917933e-18;-3.4609719248339e-18;-6.46568765600598e-19;-0.167474514025038;-4.88955812493377e-19;-1.8011144312493e-18;-8.24563700332633e-19;-1.15744907232637e-18;0;0;0;0;0;0;0;0;0;0;0;0;0
"B.DITGUI";5.39448388812747e-19;-2.57038460346138e-19;-0.0762214655923025;4.25346362596032e-19;-1.33249537338841e-18;-4.53663217120371e-19;-5.4228495208148e-18;2.57132611795945e-18;1;-4.27582947028668e-18;1.33692702439962e-17;4.54448362490128e-18;3.15570066830371e-19;2.18836294397243e-20;-0.0578007633141608;2.48821913002465e-19;-4.26761863971988e-19;-4.61656899302006e-20;-6.15073500686623e-19;2.19115835152572e-20;0.0447226134333641;-4.84975544782052e-19;9.640120018556e-19;1.7215300556075e-19;2.29576953285624e-18;-5.80979166116471e-19;-0.387275370326499;1.81017728555707e-18;-4.62043975053752e-18;-1.27789191645097e-18;9.81305230844381e-19;-1.22490615884152e-19;-0.167474514025039;7.73743363020782e-19;-1.71726056053179e-18;-3.86060779645205e-19;0;0;0;0;0;0;0;0;0;0;0;0;0
"B.DITLEP";-6.06450070175263e-36;-1.24448862510533e-18;3.65655685037352e-19;-0.0762214655923024;5.34510212355444e-19;-2.15603979597966e-19;5.19767140174764e-35;1.2474436599638e-17;-4.27582947028668e-18;1;-5.35779405402177e-18;2.16115930661629e-18;-1.57202951401102e-37;-2.36396988096519e-19;1.6092556460942e-19;-0.057800763314161;1.01532952377899e-19;-4.09550801593455e-20;5.98718025440028e-36;6.45032359669702e-19;-1.64727710780038e-19;0.0447226134333638;-2.77042615406793e-19;1.11749951673912e-19;-1.54675798563895e-35;-3.83234083391231e-18;1.14621987979099e-18;-0.3872753703265;1.64599761832258e-18;-6.63941733414681e-19;-4.11128402818752e-36;-1.27892830321987e-18;3.37683952354024e-19;-0.167474514025039;5.49302119080097e-19;-2.21570552138503e-19;0;0;0;0;0;0;0;0;0;0;0;0;0
"B.DITSKE";-1.13855809901011e-18;-1.88973460381166e-18;-1.62186375585795e-18;7.44656691238299e-19;-0.0762214655923025;-1.02759919777053e-18;8.19190894919734e-18;1.1326737168937e-17;1.33692702439962e-17;-5.35779405402177e-18;1;8.22028627465175e-18;-2.51695780164403e-19;-4.4271864334312e-19;-4.41309659013585e-19;1.64617815304132e-19;-0.0578007633141608;-2.1807441468422e-19;1.08606196693387e-18;2.15212615743073e-18;1.35685591622698e-18;-7.1032239064469e-19;0.0447226134333636;8.52917398768543e-19;-3.48558017337221e-18;-5.77074571171368e-18;-4.99287034621817e-18;2.27969095402844e-18;-0.3872753703265;-3.1511664760852e-18;-1.18278411293602e-18;-1.97210244516993e-18;-1.64127677859187e-18;7.73582046233674e-19;-0.167474514025038;-1.06425059053213e-18;0;0;0;0;0;0;0;0;0;0;0;0;0
"B.DITTHP";-9.9043287348001e-19;-1.47053766059239e-18;-6.86057720892879e-19;-3.00370212493651e-19;-9.34984289869752e-19;-0.0762214655923023;7.12615010766181e-18;1.08702831181956e-17;4.54448362490128e-18;2.16115930661629e-18;8.22028627465175e-18;1;-2.18950420718767e-19;-3.21897946290215e-19;-1.32592257841509e-19;-6.64014555229707e-20;-1.90271908542283e-19;-0.0578007633141609;9.44766433634684e-19;1.35811259575258e-18;6.98255446910134e-19;2.86520875898053e-19;6.61964085192925e-19;0.0447226134333637;-3.03210981491366e-18;-4.50375120282881e-18;-2.09391406909891e-18;-9.19552948812827e-19;-2.87188770712495e-18;-0.3872753703265;-1.02890512895234e-18;-1.52651475019948e-18;-7.22749577948912e-19;-3.12037756918677e-19;-9.65406846360224e-19;-0.167474514025038;0;0;0;0;0;0;0;0;0;0;0;0;0
"B.GUICHA";-0.447653669408512;-1.27570391757652e-18;1.46083386070573e-18;-8.19036990486295e-36;-2.33367648856055e-18;-2.0300676024766e-18;-0.0578007633141608;-1.37589462107175e-19;3.15570066830371e-19;-1.57202951401103e-37;-2.51695780164403e-19;-2.18950420718767e-19;1;4.19540487787434e-18;-4.9167921428652e-18;4.46811048470289e-35;7.67475711925951e-18;6.67627919339221e-18;-0.129179804560369;-1.02861643045053e-18;1.22308307871313e-18;-1.00778918755179e-35;-1.8816732836015e-18;-1.63686954477626e-18;-0.0179812976292791;3.02515248089031e-20;-3.12032996563394e-19;-1.66952163680939e-36;5.53398568562521e-20;4.8140198986563e-20;-0.0353177510326007;-1.75529448568387e-19;3.26011020558474e-20;-4.21745649734251e-37;-3.21100328634426e-19;-2.79325509555702e-19;0;0;0;0;0;0;0;0;0;0;0;0;0
"B.GUIDIT";-1.45154326186496e-18;-0.447653669408511;-9.32004697779421e-19;-4.04349182271299e-18;-2.91087994205234e-18;-3.1370016046617e-18;-8.48624085918018e-20;-0.0578007633141609;2.18836294397243e-20;-2.3639698809652e-19;-4.4271864334312e-19;-3.21897946290215e-19;4.19540487787434e-18;1;2.46332244213499e-18;1.1686930567167e-17;1.06116849276991e-17;1.01840466327342e-17;-5.19015950507676e-19;-0.129179804560369;-1.00731449337644e-19;-1.44579690242162e-18;-3.51705722460473e-18;-2.38003824643974e-18;-5.14448040580625e-19;-0.0179812976292789;-6.05647123502232e-19;-1.43307230307819e-18;1.05487709693588e-18;-5.14699416875638e-20;1.21775886164935e-20;-0.0353177510326007;2.270305655024e-20;3.3922502542491e-20;-7.81126291954145e-19;-3.83042721632914e-19;0;0;0;0;0;0;0;0;0;0;0;0;0
"B.GUIGUI";1.83783534596499e-18;-6.3528789761071e-19;-0.447653669408512;1.44910355776033e-18;-4.04733498375747e-18;-1.23960234500278e-18;2.04094931052181e-19;-6.65679527828464e-20;-0.0578007633141609;1.6092556460942e-19;-4.41309659013585e-19;-1.32592257841509e-19;-4.9167921428652e-18;2.46332244213499e-18;1;-3.87681138173609e-18;1.23918675766459e-17;4.28833023263814e-18;5.33319603745434e-19;-8.2698378504564e-19;-0.129179804560367;4.20513914321871e-19;-2.49047492652379e-18;-1.17760035624693e-18;3.50413145538763e-19;1.45798222147585e-19;-0.0179812976292787;2.76295119147131e-19;-2.25076770123462e-19;1.03369081276761e-19;5.83267805386152e-20;-1.5196603250294e-19;-0.0353177510326008;4.59897266514005e-20;-3.98358356334361e-19;-2.07089153799667e-19;0;0;0;0;0;0;0;0;0;0;0;0;0
"B.GUILEP";-8.19036990486273e-36;-3.55366491267787e-18;1.15184396115415e-18;-0.44765366940851;1.52630578439782e-18;-6.15661952929597e-19;-1.57202951401127e-37;-3.83276116901299e-19;2.48821913002465e-19;-0.057800763314161;1.64617815304132e-19;-6.64014555229707e-20;4.4681104847029e-35;1.1686930567167e-17;-3.87681138173609e-18;1;-5.01955872735366e-18;2.02472621182301e-18;-1.00778918755181e-35;-2.86536559708952e-18;9.64381300365639e-19;-0.129179804560369;1.23067992979581e-18;-4.96416128900589e-19;-1.66952163680941e-36;8.42701670718635e-20;-2.46032990088789e-19;-0.0179812976292789;-3.61941957428488e-20;1.45995576139088e-20;-4.21745649734255e-37;-4.889636489509e-19;2.57054436784864e-20;-0.0353177510326007;2.10010809711273e-19;-8.47115083784998e-20;0;0;0;0;0;0;0;0;0;0;0;0;0
"B.GUISKE";-2.65534371704209e-18;-3.98730715326606e-18;-4.09157781688324e-18;1.7366873663734e-18;-0.44765366940851;-2.54951051493997e-18;-1.55240886983814e-19;-1.19941989456357e-19;-4.26761863971988e-19;1.01532952377899e-19;-0.0578007633141608;-1.90271908542284e-19;7.67475711925951e-18;1.06116849276991e-17;1.2391867576646e-17;-5.01955872735367e-18;1;7.70134299587357e-18;-9.49448617504152e-19;-3.97460608285433e-19;-2.03400515228421e-18;6.20972497254307e-19;-0.129179804560369;-1.28611064994941e-18;-9.41092427755318e-19;-2.27958389354487e-18;-7.73958905107454e-19;6.15507257829863e-19;-0.0179812976292789;-5.88018055778791e-19;2.22767617549238e-20;3.67950801000954e-19;-2.22630267912913e-21;-1.4569778840752e-20;-0.0353177510326007;-1.0044123071618e-19;0;0;0;0;0;0;0;0;0;0;0;0;0
"B.GUITHP";-2.30988625879842e-18;-3.48319674637258e-18;-1.52881057261071e-18;-7.00523018741912e-19;-2.45679199335317e-18;-0.447653669408511;-1.35044208908306e-19;-2.18088131498096e-19;-4.61656899302006e-20;-4.09550801593455e-20;-2.18074414684221e-19;-0.0578007633141609;6.67627919339222e-18;1.01840466327342e-17;4.28833023263814e-18;2.02472621182301e-18;7.70134299587357e-18;1;-8.25926339001793e-19;-1.37672916857869e-18;-4.15076856613877e-19;-2.50480044223897e-19;-1.55481844848803e-18;-0.129179804560368;-8.18657280855808e-19;-1.1238826260782e-18;-6.97625093594088e-19;-2.48275544960592e-19;-3.0080282180341e-19;-0.0179812976292788;1.93785781998645e-20;-1.34822879239277e-20;2.12477766801729e-20;5.87697339978863e-21;-1.99417481165959e-19;-0.0353177510326007;0;0;0;0;0;0;0;0;0;0;0;0;0
"B.LEPCHA";-0.445868442760912;-1.60389418627961e-18;1.99914073302109e-18;-1.89213388217862e-35;-2.93404300252547e-18;-2.5523270568553e-18;0.0447226134333637;5.9369561836867e-19;-6.15073500686623e-19;5.98718025440028e-36;1.08606196693387e-18;9.44766433634684e-19;-0.129179804560369;-5.19015950507676e-19;5.33319603745434e-19;-1.00778918755181e-35;-9.49448617504151e-19;-8.25926339001793e-19;1;4.89601730942842e-18;-5.77291280419664e-18;6.15199537505908e-35;8.95640463682539e-18;7.79118570076758e-18;0.179565378649206;5.72937546887896e-19;-6.02982505101589e-19;3.740856267561e-36;1.04808871726746e-18;9.11733464289359e-19;-0.0563820896209003;-3.74999331174873e-19;2.79945005000131e-19;-1.89182950456236e-36;-6.85995480872419e-19;-5.96748181674255e-19;0;0;0;0;0;0;0;0;0;0;0;0;0
"B.LEPDIT";-2.05482980789954e-18;-0.445868442760912;-1.34220446512229e-18;-5.72403712903021e-18;-3.24687776742263e-18;-3.99674158743607e-18;2.31555402215507e-19;0.0447226134333635;2.19115835152574e-20;6.45032359669702e-19;2.15212615743073e-18;1.35811259575258e-18;-1.02861643045053e-18;-0.129179804560369;-8.2698378504564e-19;-2.86536559708952e-18;-3.97460608285433e-19;-1.37672916857869e-18;4.89601730942842e-18;1;2.86305864461677e-18;1.36385917489635e-17;1.23837852604441e-17;1.18847334274817e-17;7.73790211498569e-19;0.179565378649206;5.55153908136046e-19;2.15550888140245e-18;1.08840394027029e-18;1.43682200275911e-18;-7.98888772382288e-21;-0.0563820896209003;8.50925693413129e-20;-2.22542469332583e-20;-1.60771238437111e-18;-8.26126152845727e-19;0;0;0;0;0;0;0;0;0;0;0;0;0
"B.LEPGUI";2.46968715728357e-18;-7.45949457450348e-19;-0.445868442760914;1.94730853013139e-18;-5.21816266817744e-18;-1.52864362548486e-18;-2.0891702853822e-19;5.10135241361968e-19;0.0447226134333641;-1.64727710780038e-19;1.35685591622698e-18;6.98255446910134e-19;1.22308307871313e-18;-1.00731449337645e-19;-0.129179804560367;9.64381300365639e-19;-2.0340051522842e-18;-4.15076856613878e-19;-5.77291280419664e-18;2.86305864461677e-18;1;-4.55184872876029e-18;1.44898028312839e-17;4.99788188621895e-18;-8.9893213486371e-19;2.60917878371157e-19;0.179565378649206;-7.08793504094951e-19;1.87763784299142e-18;5.42917759253692e-19;1.72858682495587e-19;-3.08648650253907e-19;-0.0563820896209001;1.36296285923586e-19;-8.9036606137512e-19;-4.3336410062101e-19;0;0;0;0;0;0;0;0;0;0;0;0;0
"B.LEPLEP";-1.89213388217864e-35;-4.46788821050093e-18;1.57629025638493e-18;-0.445868442760912;1.91896641560152e-18;-7.74048439776866e-19;5.98718025440026e-36;1.65382833644925e-18;-4.84975544782052e-19;0.0447226134333638;-7.10322390644691e-19;2.86520875898053e-19;-1.00778918755179e-35;-1.44579690242162e-18;4.2051391432187e-19;-0.129179804560369;6.20972497254307e-19;-2.50480044223897e-19;6.15199537505908e-35;1.36385917489635e-17;-4.55184872876029e-18;1;-5.8578008869713e-18;2.36284574874249e-18;3.74085626756101e-36;1.59600360983382e-18;-4.75441989582124e-19;0.179565378649206;-6.85486561470284e-19;2.76502912755647e-19;-1.89182950456232e-36;-1.04461697351015e-18;2.20732125766097e-19;-0.0563820896209003;4.48664960914172e-19;-1.80976806136184e-19;0;0;0;0;0;0;0;0;0;0;0;0;0
"B.LEPSKE";-3.7589506033644e-18;-6.00734855728745e-18;-5.73601218764342e-18;2.45848474598106e-18;-0.445868442760912;-3.47697646409701e-18;4.23589980797484e-19;-6.4770092492759e-20;9.640120018556e-19;-2.77042615406793e-19;0.0447226134333636;6.61964085192925e-19;-1.8816732836015e-18;-3.51705722460472e-18;-2.49047492652379e-18;1.23067992979581e-18;-0.129179804560369;-1.55481844848803e-18;8.95640463682539e-18;1.23837852604441e-17;1.44898028312839e-17;-5.8578008869713e-18;1;8.98743022693595e-18;1.41551342656608e-18;2.31795398498065e-18;2.0379211959767e-18;-9.25795131180859e-19;0.179565378649206;1.28902202537091e-18;-1.46142684003422e-20;6.38997700501852e-19;-2.44085467693259e-19;9.55824104306152e-21;-0.0563820896209;-2.54757683816726e-19;0;0;0;0;0;0;0;0;0;0;0;0;0
"B.LEPTHP";-3.2699150360412e-18;-4.88455041122863e-18;-2.17713584851885e-18;-9.91672530780251e-19;-3.2392021233395e-18;-0.445868442760913;3.68481364476128e-19;6.45125499732242e-19;1.7215300556075e-19;1.11749951673912e-19;8.52917398768543e-19;0.0447226134333637;-1.63686954477626e-18;-2.38003824643974e-18;-1.17760035624693e-18;-4.96416128900589e-19;-1.28611064994941e-18;-0.129179804560368;7.79118570076758e-18;1.18847334274817e-17;4.99788188621895e-18;2.36284574874249e-18;8.98743022693595e-18;1;1.23135660072358e-18;1.83226374515908e-18;8.47979458580689e-19;3.73435548958753e-19;1.18311420255213e-18;0.179565378649206;-1.27129672681129e-20;-1.03550480182437e-19;4.26367923726205e-20;-3.85548256928407e-21;-4.48279024910179e-19;-0.0563820896209003;0;0;0;0;0;0;0;0;0;0;0;0;0
"B.SKECHA";0.0272448893815834;1.11833124427499e-19;2.47489542635279e-20;4.36709414259409e-36;2.04579079457964e-19;1.77963553812143e-19;-0.387275370326499;-1.90539190157444e-18;2.29576953285624e-18;-1.54675798563895e-35;-3.48558017337221e-18;-3.03210981491366e-18;-0.0179812976292791;-5.14448040580625e-19;3.50413145538763e-19;-1.66952163680941e-36;-9.41092427755318e-19;-8.18657280855808e-19;0.179565378649206;7.73790211498569e-19;-8.9893213486371e-19;3.740856267561e-36;1.41551342656608e-18;1.23135660072358e-18;1;5.22971467997597e-18;-6.41477283450426e-18;7.0869191151925e-35;9.56684542736609e-18;8.32220877880839e-18;-0.220361320668496;-9.9446872115383e-19;1.41480691256325e-18;-1.35083260595748e-35;-1.8192060408299e-18;-1.58252922537541e-18;0;0;0;0;0;0;0;0;0;0;0;0;0
"B.SKEDIT";4.81574829652056e-19;0.0272448893815834;4.78237253774388e-19;1.3414990354615e-18;-3.81244095569724e-19;3.56251268330751e-19;-1.37574372807881e-18;-0.3872753703265;-5.80979166116471e-19;-3.83234083391231e-18;-5.77074571171369e-18;-4.50375120282881e-18;3.0251524808903e-20;-0.017981297629279;1.45798222147585e-19;8.42701670718627e-20;-2.27958389354487e-18;-1.1238826260782e-18;5.72937546887896e-19;0.179565378649206;2.60917878371157e-19;1.59600360983382e-18;2.31795398498065e-18;1.83226374515908e-18;5.22971467997597e-18;1;2.97577435523638e-18;1.45681559063115e-17;1.32278256952844e-17;1.26947600355928e-17;-1.07451856995468e-18;-0.220361320668496;-5.79294631267347e-19;-2.99323290260235e-18;-2.3715871293742e-18;-2.43235799751453e-18;0;0;0;0;0;0;0;0;0;0;0;0;0
"B.SKEGUI";-4.77156999155939e-19;-4.91766684988267e-20;0.0272448893815831;-3.76230605535587e-19;6.12340046358201e-19;4.93299196056355e-20;1.4537010816421e-18;-1.37733541537876e-18;-0.387275370326499;1.14621987979099e-18;-4.99287034621817e-18;-2.09391406909891e-18;-3.12032996563394e-19;-6.05647123502232e-19;-0.0179812976292787;-2.46032990088789e-19;-7.73958905107454e-19;-6.97625093594088e-19;-6.02982505101588e-19;5.55153908136045e-19;0.179565378649206;-4.75441989582124e-19;2.0379211959767e-18;8.47979458580689e-19;-6.41477283450426e-18;2.97577435523638e-18;1;-5.05794502054455e-18;1.56797929037537e-17;5.29188493822925e-18;1.38122804272378e-18;-5.12306585004933e-19;-0.220361320668495;1.08907605634192e-18;-3.11315722223637e-18;-9.7598532741594e-19;0;0;0;0;0;0;0;0;0;0;0;0;0
"B.SKELEP";4.36709414259404e-36;3.11527968894312e-19;1.95141516637291e-20;0.0272448893815834;-1.33801850373898e-19;5.39713007372808e-20;-1.54675798563893e-35;-5.30775539075632e-18;1.81017728555707e-18;-0.3872753703265;2.27969095402844e-18;-9.19552948812827e-19;-1.66952163680939e-36;-1.43307230307819e-18;2.76295119147131e-19;-0.0179812976292789;6.15507257829863e-19;-2.48275544960592e-19;3.74085626756099e-36;2.15550888140245e-18;-7.0879350409495e-19;0.179565378649206;-9.25795131180859e-19;3.73435548958753e-19;7.0869191151925e-35;1.45681559063115e-17;-5.05794502054455e-18;1;-6.25705044628333e-18;2.5238899942043e-18;-1.35083260595749e-35;-2.77024202279918e-18;1.1155524541633e-18;-0.220361320668496;1.18982417517641e-18;-4.79936250533812e-19;0;0;0;0;0;0;0;0;0;0;0;0;0
"B.SKESKE";8.80956656131105e-19;1.88218582243189e-18;9.42353863055448e-19;-5.76176366624854e-19;0.0272448893815834;6.42128807880445e-19;-2.51668176938841e-18;-2.52842409917933e-18;-4.62043975053753e-18;1.64599761832257e-18;-0.3872753703265;-2.87188770712495e-18;5.5339856856252e-20;1.05487709693588e-18;-2.25076770123462e-19;-3.61941957428486e-20;-0.017981297629279;-3.00802821803411e-19;1.04808871726746e-18;1.08840394027029e-18;1.87763784299142e-18;-6.85486561470284e-19;0.179565378649206;1.18311420255213e-18;9.56684542736609e-18;1.32278256952844e-17;1.56797929037537e-17;-6.25705044628333e-18;1;9.59998562557244e-18;-1.9656431940639e-18;-2.86162441796543e-18;-3.30051475221702e-18;1.28559917875013e-18;-0.220361320668496;-1.92008489052334e-18;0;0;0;0;0;0;0;0;0;0;0;0;0
"B.SKETHP";7.66345110628844e-19;1.08420429019057e-18;6.02852060783894e-19;2.32410746741741e-19;4.47167296757175e-19;0.0272448893815831;-2.18926408644165e-18;-3.4609719248339e-18;-1.27789191645097e-18;-6.63941733414681e-19;-3.1511664760852e-18;-0.3872753703265;4.81401989865628e-20;-5.14699416875642e-20;1.03369081276761e-19;1.45995576139088e-20;-5.88018055778792e-19;-0.0179812976292788;9.11733464289359e-19;1.43682200275911e-18;5.42917759253692e-19;2.76502912755647e-19;1.28902202537091e-18;0.179565378649206;8.32220877880839e-18;1.26947600355927e-17;5.29188493822925e-18;2.5238899942043e-18;9.59998562557244e-18;1;-1.7099150571462e-18;-2.58996134198607e-18;-1.06911757729473e-18;-5.18568762016627e-19;-1.87787531755153e-18;-0.220361320668496;0;0;0;0;0;0;0;0;0;0;0;0;0
"B.THPCHA";-0.0108351914544589;-5.7225592425612e-19;5.12219809524693e-19;-3.33225349715136e-36;-1.04684180825673e-18;-9.10648776845178e-19;-0.167474514025038;-6.46568765600598e-19;9.81305230844382e-19;-4.11128402818753e-36;-1.18278411293602e-18;-1.02890512895234e-18;-0.0353177510326007;1.21775886164935e-20;5.83267805386152e-20;-4.21745649734256e-37;2.22767617549237e-20;1.93785781998647e-20;-0.0563820896209003;-7.98888772382314e-21;1.72858682495587e-19;-1.89182950456232e-36;-1.46142684003421e-20;-1.2712967268113e-20;-0.220361320668496;-1.07451856995468e-18;1.38122804272378e-18;-1.35083260595749e-35;-1.9656431940639e-18;-1.7099150571462e-18;1;4.52874398397077e-18;-5.94249380217894e-18;5.63961625095514e-35;8.28454252784618e-18;7.20673215399016e-18;0;0;0;0;0;0;0;0;0;0;0;0;0
"B.THPDIT";2.12091191415509e-19;-0.0108351914544589;3.76966640216202e-19;5.90811876358556e-19;-2.85624285286937e-18;-1.20925431296716e-18;-4.59113024668273e-19;-0.167474514025038;-1.22490615884152e-19;-1.27892830321987e-18;-1.97210244516993e-18;-1.52651475019948e-18;-1.75529448568387e-19;-0.0353177510326007;-1.5196603250294e-19;-4.889636489509e-19;3.67950801000953e-19;-1.34822879239276e-20;-3.74999331174873e-19;-0.0563820896209003;-3.08648650253908e-19;-1.04461697351015e-18;6.38997700501852e-19;-1.03550480182437e-19;-9.94468721153829e-19;-0.220361320668496;-5.12306585004933e-19;-2.77024202279918e-18;-2.86162441796543e-18;-2.58996134198607e-18;4.52874398397077e-18;1;2.44832419770656e-18;1.26154967250641e-17;1.14548191831391e-17;1.09932035793982e-17;0;0;0;0;0;0;0;0;0;0;0;0;0
"B.THPGUI";-9.44641646421962e-20;-5.89876066931573e-19;-0.0108351914544587;-7.44834717453906e-20;-1.06678900418565e-18;-7.28584051032125e-19;4.28269946670047e-19;-4.88955812493377e-19;-0.167474514025039;3.37683952354024e-19;-1.64127677859187e-18;-7.22749577948912e-19;3.26011020558474e-20;2.270305655024e-20;-0.0353177510326008;2.57054436784866e-20;-2.22630267912927e-21;2.1247776680173e-20;2.79945005000131e-19;8.50925693413132e-20;-0.0563820896209001;2.20732125766097e-19;-2.44085467693259e-19;4.26367923726207e-20;1.41480691256325e-18;-5.79294631267347e-19;-0.220361320668495;1.1155524541633e-18;-3.30051475221702e-18;-1.06911757729473e-18;-5.94249380217894e-18;2.44832419770656e-18;1;-4.68556061325757e-18;1.38939217045581e-17;4.50982089106441e-18;0;0;0;0;0;0;0;0;0;0;0;0;0
"B.THPLEP";-3.33225349715129e-36;-1.59410484759215e-18;4.03877066553972e-19;-0.0108351914544589;6.84671039505254e-19;-2.76173957803906e-19;-4.11128402818763e-36;-1.8011144312493e-18;7.73743363020782e-19;-0.167474514025039;7.73582046233674e-19;-3.12037756918677e-19;-4.21745649734252e-37;3.3922502542491e-20;4.59897266514006e-20;-0.0353177510326007;-1.45697788407519e-20;5.87697339978854e-21;-1.89182950456236e-36;-2.22542469332575e-20;1.36296285923586e-19;-0.0563820896209002;9.55824104306116e-21;-3.85548256928397e-21;-1.35083260595748e-35;-2.99323290260235e-18;1.08907605634192e-18;-0.220361320668496;1.28559917875013e-18;-5.18568762016627e-19;5.63961625095514e-35;1.26154967250641e-17;-4.68556061325756e-18;1;-5.41837964401863e-18;2.1855975568268e-18;0;0;0;0;0;0;0;0;0;0;0;0;0
"B.THPSKE";3.8798362223222e-19;1.94525695800863e-18;6.51416742969652e-21;-2.53754815531404e-19;-0.010835191454459;-1.23780630221209e-19;-8.39866724949524e-19;-8.24563700332632e-19;-1.71726056053179e-18;5.49302119080097e-19;-0.167474514025038;-9.65406846360223e-19;-3.21100328634427e-19;-7.81126291954146e-19;-3.98358356334361e-19;2.10010809711273e-19;-0.0353177510326007;-1.99417481165959e-19;-6.85995480872419e-19;-1.60771238437111e-18;-8.9036606137512e-19;4.48664960914172e-19;-0.0563820896209;-4.48279024910179e-19;-1.8192060408299e-18;-2.3715871293742e-18;-3.11315722223637e-18;1.18982417517641e-18;-0.220361320668496;-1.87787531755153e-18;8.28454252784618e-18;1.14548191831391e-17;1.38939217045581e-17;-5.41837964401863e-18;1;8.3132407422687e-18;0;0;0;0;0;0;0;0;0;0;0;0;0
"B.THPTHP";3.37507356159284e-19;3.349800673374e-19;3.59627380978714e-19;1.02356413041434e-19;-5.37359885024617e-19;-0.0108351914544588;-7.30600936794719e-19;-1.15744907232637e-18;-3.86060779645206e-19;-2.21570552138503e-19;-1.06425059053213e-18;-0.167474514025038;-2.79325509555702e-19;-3.83042721632914e-19;-2.07089153799667e-19;-8.47115083784998e-20;-1.00441230716179e-19;-0.0353177510326007;-5.96748181674255e-19;-8.26126152845727e-19;-4.3336410062101e-19;-1.80976806136184e-19;-2.54757683816726e-19;-0.0563820896209003;-1.58252922537541e-18;-2.43235799751453e-18;-9.7598532741594e-19;-4.79936250533812e-19;-1.92008489052334e-18;-0.220361320668496;7.20673215399016e-18;1.09932035793982e-17;4.50982089106441e-18;2.1855975568268e-18;8.3132407422687e-18;1;0;0;0;0;0;0;0;0;0;0;0;0;0
"B.NITNIT";0;0;0;0;0;0;0;0;0;0;0;0;0;0;0;0;0;0;0;0;0;0;0;0;0;0;0;0;0;0;0;0;0;0;0;0;1;9.90730725144411e-18;4.08096893949287e-18;-0.150345432416548;-7.33873485596802e-19;-4.76021741640324e-20;-0.0149696878456349;1.04798363765735e-19;1.90846504764426e-19;0;0;0;0
"B.NITPLE";0;0;0;0;0;0;0;0;0;0;0;0;0;0;0;0;0;0;0;0;0;0;0;0;0;0;0;0;0;0;0;0;0;0;0;0;9.90730725144411e-18;1;1.00777490610609e-17;-1.7391480051148e-18;-0.150345432416548;-2.38169903949795e-18;-4.78093086219549e-19;-0.014969687845635;-8.41541969281011e-19;0;0;0;0
"B.NITPSE";0;0;0;0;0;0;0;0;0;0;0;0;0;0;0;0;0;0;0;0;0;0;0;0;0;0;0;0;0;0;0;0;0;0;0;0;4.08096893949287e-18;1.00777490610609e-17;1;-9.71072591254322e-19;-1.33867438201581e-19;-0.150345432416548;-3.44612218186562e-19;4.61825216461058e-19;-0.0149696878456351;0;0;0;0
"B.PLENIT";0;0;0;0;0;0;0;0;0;0;0;0;0;0;0;0;0;0;0;0;0;0;0;0;0;0;0;0;0;0;0;0;0;0;0;0;-0.150345432416548;-1.7391480051148e-18;-9.71072591254322e-19;1;9.81301006896239e-18;4.04212651106878e-18;-0.307798343707517;-3.06771417635015e-18;-1.72188610181439e-18;0;0;0;0
"B.PLEPLE";0;0;0;0;0;0;0;0;0;0;0;0;0;0;0;0;0;0;0;0;0;0;0;0;0;0;0;0;0;0;0;0;0;0;0;0;-7.33873485596802e-19;-0.150345432416548;-1.33867438201581e-19;9.81301006896239e-18;1;9.98182962320582e-18;-1.25899355437438e-18;-0.307798343707517;-1.78387801132649e-19;0;0;0;0
"B.PLEPSE";0;0;0;0;0;0;0;0;0;0;0;0;0;0;0;0;0;0;0;0;0;0;0;0;0;0;0;0;0;0;0;0;0;0;0;0;-4.76021741640322e-20;-2.38169903949795e-18;-0.150345432416548;4.04212651106878e-18;9.98182962320582e-18;1;-6.03499196612456e-20;-4.22275507898125e-18;-0.307798343707516;0;0;0;0
"B.PSENIT";0;0;0;0;0;0;0;0;0;0;0;0;0;0;0;0;0;0;0;0;0;0;0;0;0;0;0;0;0;0;0;0;0;0;0;0;-0.0149696878456349;-4.78093086219549e-19;-3.44612218186562e-19;-0.307798343707517;-1.25899355437438e-18;-6.03499196612458e-20;1;9.35702535921136e-18;3.85429954758117e-18;0;0;0;0
"B.PSEPLE";0;0;0;0;0;0;0;0;0;0;0;0;0;0;0;0;0;0;0;0;0;0;0;0;0;0;0;0;0;0;0;0;0;0;0;0;1.04798363765735e-19;-0.014969687845635;4.61825216461058e-19;-3.06771417635015e-18;-0.307798343707517;-4.22275507898126e-18;9.35702535921136e-18;1;9.51800031379567e-18;0;0;0;0
"B.PSEPSE";0;0;0;0;0;0;0;0;0;0;0;0;0;0;0;0;0;0;0;0;0;0;0;0;0;0;0;0;0;0;0;0;0;0;0;0;1.90846504764426e-19;-8.41541969281011e-19;-0.0149696878456351;-1.72188610181439e-18;-1.78387801132648e-19;-0.307798343707516;3.85429954758117e-18;9.51800031379567e-18;1;0;0;0;0
"B.PROPRO";0;0;0;0;0;0;0;0;0;0;0;0;0;0;0;0;0;0;0;0;0;0;0;0;0;0;0;0;0;0;0;0;0;0;0;0;0;0;0;0;0;0;0;0;0;1;-8.9768338570637e-18;-0.471263218801758;2.54872151471577e-18
"B.PROPRP";0;0;0;0;0;0;0;0;0;0;0;0;0;0;0;0;0;0;0;0;0;0;0;0;0;0;0;0;0;0;0;0;0;0;0;0;0;0;0;0;0;0;0;0;0;-8.97683385706369e-18;1;3.84466476234855e-18;-0.471263218801758
"B.PRPPRO";0;0;0;0;0;0;0;0;0;0;0;0;0;0;0;0;0;0;0;0;0;0;0;0;0;0;0;0;0;0;0;0;0;0;0;0;0;0;0;0;0;0;0;0;0;-0.471263218801758;3.84466476234854e-18;1;-8.67705755517595e-18
"B.PRPPRP";0;0;0;0;0;0;0;0;0;0;0;0;0;0;0;0;0;0;0;0;0;0;0;0;0;0;0;0;0;0;0;0;0;0;0;0;0;0;0;0;0;0;0;0;0;2.54872151471577e-18;-0.471263218801758;-8.67705755517595e-18;1
