"B.SKESKE";"B.SKECHA";"B.SKEGUI";"B.SKELEP";"B.SKERHI";"B.CHASKE";"B.CHACHA";"B.CHAGUI";"B.CHALEP";"B.CHARHI";"B.GUISKE";"B.GUICHA";"B.GUIGUI";"B.GUILEP";"B.GUIRHI";"B.LEPSKE";"B.LEPCHA";"B.LEPGUI";"B.LEPLEP";"B.LEPRHI";"B.RHISKE";"B.RHICHA";"B.RHIGUI";"B.RHILEP";"B.RHIRHI";"B.ASTAST";"B.ASTNIT";"B.ASTPSE";"B.NITAST";"B.NITNIT";"B.NITPSE";"B.PSEAST";"B.PSENIT";"B.PSEPSE";"B.GYMGYM";"B.GYMPRP";"B.PRPGYM";"B.PRPPRP";"B.CRYCRY";"B.CRYEUG";"B.EUGCRY";"B.EUGEUG"
"B.SKESKE";1;-5.15891726599584e-18;8.06608746971793e-19;2.09689733884498e-18;-7.86243380372579e-19;-0.169350718509086;3.65875604564376e-19;-6.84867737576509e-20;-1.78041379017575e-19;6.67576104427121e-20;-0.141267917213394;9.80061398540484e-19;-1.34262890900794e-19;-3.49036009952115e-19;1.30873003295273e-19;0.180402453822293;-5.72702470373743e-19;8.75986848812937e-20;2.27725585550002e-19;-8.53869814526934e-20;-0.0878230332881919;5.74283604365198e-19;-7.92758762277052e-20;-2.06089227919434e-19;7.72743081962247e-20;0;0;0;0;0;0;0;0;0;0;0;0;0;0;0;0;0
"B.SKECHA";-5.15891726599584e-18;1;2.81821628684376e-18;-1.01886058016298e-18;-4.6594351150716e-18;1.02544885887873e-18;-0.169350718509086;-2.42556681285905e-19;8.76907291221905e-20;4.01025685450314e-19;2.10287345898602e-19;-0.141267917213395;-4.89230296752068e-19;1.76869840086107e-19;8.0885801231262e-19;-6.23104967723903e-19;0.180402453822293;3.72754115179386e-19;-1.34760584495501e-19;-6.16284712306242e-19;1.36841975786583e-20;-0.0878230332881917;-2.5458672157155e-19;9.20399105111549e-20;4.20915284557504e-19;0;0;0;0;0;0;0;0;0;0;0;0;0;0;0;0;0
"B.SKEGUI";8.06608746971792e-19;2.81821628684376e-18;1;-1.20499628437358e-36;-1.40183856854977e-35;-1.44446963838588e-19;-4.25452784510496e-19;-0.169350718509086;5.33554480760077e-38;1.05583789847538e-36;-5.16002336667478e-20;-1.56021503244804e-19;-0.141267917213395;1.15234460752567e-37;1.30946079475651e-36;9.90424247064498e-20;2.7397006388111e-19;0.180402453822293;-8.16834458837038e-38;-9.35569176460978e-37;-1.44974957286852e-20;-1.03466280535954e-19;-0.0878230332881917;7.15292842193443e-38;5.95263887255858e-37;0;0;0;0;0;0;0;0;0;0;0;0;0;0;0;0;0
"B.SKELEP";2.09689733884498e-18;-1.01886058016298e-18;-1.20499628437358e-36;1;3.15898199021935e-36;-3.75510996148379e-19;1.53812563245026e-19;5.33554480760089e-38;-0.169350718509086;-1.99546986239351e-37;-1.34142349764731e-19;5.64059472851641e-20;1.15234460752567e-37;-0.141267917213395;-2.97826761099625e-37;2.57475259944052e-19;-9.90475072961173e-20;-8.16834458837046e-38;0.180402453822293;2.12123028683572e-37;-3.76883592293347e-20;3.74058283270467e-20;7.15292842193431e-38;-0.0878230332881919;-1.55034450190878e-37;0;0;0;0;0;0;0;0;0;0;0;0;0;0;0;0;0
"B.SKERHI";-7.86243380372579e-19;-4.6594351150716e-18;-1.40183856854977e-35;3.15898199021935e-36;1;1.40799947383881e-19;7.0341288325082e-19;1.05583789847539e-36;-1.99546986239351e-37;-0.169350718509085;5.02974239970368e-20;2.57954676622518e-19;1.3094607947565e-36;-2.97826761099625e-37;-0.141267917213395;-9.6541788188938e-20;-4.52962301752823e-19;-9.35569176460976e-37;2.12123028683571e-37;0.180402453822292;1.41314609982245e-20;1.71063669955221e-19;5.95263887255853e-37;-1.55034450190878e-37;-0.0878230332881919;0;0;0;0;0;0;0;0;0;0;0;0;0;0;0;0;0
"B.CHASKE";-0.169350718509086;1.02544885887873e-18;-1.44446963838588e-19;-3.75510996148379e-19;1.40799947383881e-19;1;-4.21541971167724e-18;6.54460306568614e-19;1.7013652286508e-18;-6.37936404344715e-19;-0.158028688780258;9.70327156141906e-19;-1.47152815660569e-19;-3.82545253470933e-19;1.43437481493558e-19;-0.435739851868873;1.87189676465017e-18;-2.70732234472923e-19;-7.03808016138067e-19;2.6389675044679e-19;-0.217780590617303;3.7232613283205e-19;-6.6939004797327e-20;-1.74017727369566e-19;6.52489197621698e-20;0;0;0;0;0;0;0;0;0;0;0;0;0;0;0;0;0
"B.CHACHA";3.65875604564376e-19;-0.169350718509086;-4.25452784510496e-19;1.53812563245026e-19;7.0341288325082e-19;-4.21541971167724e-18;1;2.21021174710224e-18;-7.99050673806732e-19;-3.65420435410422e-18;9.20400421514968e-19;-0.158028688780258;-2.52022557406658e-19;9.11128965694399e-20;4.16675880858623e-19;7.53132556433041e-19;-0.435739851868872;-9.59086369976794e-19;3.46735380070967e-19;1.58568408376535e-18;9.18801712747167e-19;-0.217780590617302;-3.45566553904493e-19;1.24931553777359e-19;5.7133476354298e-19;0;0;0;0;0;0;0;0;0;0;0;0;0;0;0;0;0
"B.CHAGUI";-6.84867737576509e-20;-2.42556681285905e-19;-0.169350718509086;5.3355448076009e-38;1.05583789847539e-36;6.54460306568614e-19;2.21021174710224e-18;1;-6.7353833610098e-37;-8.985508282122e-36;-1.31365627734828e-19;-4.38886429349566e-19;-0.158028688780258;-4.20885493905344e-39;1.51989396776952e-36;-1.45142527433647e-19;-5.83801334850533e-19;-0.435739851868872;2.23515362664012e-37;2.0470281158503e-36;-1.35837439963325e-19;-3.77859922393455e-19;-0.217780590617303;5.89209078977924e-38;8.60351929684997e-37;0;0;0;0;0;0;0;0;0;0;0;0;0;0;0;0;0
"B.CHALEP";-1.78041379017575e-19;8.76907291221905e-20;5.33554480760076e-38;-0.169350718509086;-1.99546986239352e-37;1.7013652286508e-18;-7.99050673806732e-19;-6.73538336100979e-37;1;1.92341768047359e-36;-3.41504150862496e-19;1.58669185229057e-19;-4.2088549390549e-39;-0.158028688780258;-2.04115634191612e-37;-3.77319215383482e-19;2.11059800307907e-19;2.23515362664013e-37;-0.435739851868873;-5.10089860962765e-37;-3.53129280390221e-19;1.36606470393122e-19;5.89209078977979e-38;-0.217780590617301;-1.78449626453972e-37;0;0;0;0;0;0;0;0;0;0;0;0;0;0;0;0;0
"B.CHARHI";6.67576104427122e-20;4.01025685450314e-19;1.05583789847538e-36;-1.99546986239351e-37;-0.169350718509085;-6.37936404344715e-19;-3.65420435410422e-18;-8.985508282122e-36;1.92341768047359e-36;1;1.2804889062108e-19;7.25623100677628e-19;1.51989396776951e-36;-2.04115634191612e-37;-0.158028688780258;1.41477949295337e-19;9.65214931347474e-19;2.04702811585028e-36;-5.10089860962756e-37;-0.435739851868873;1.32407797930383e-19;6.24726284919065e-19;8.60351929685022e-37;-1.78449626453977e-37;-0.217780590617302;0;0;0;0;0;0;0;0;0;0;0;0;0;0;0;0;0
"B.GUISKE";-0.141267917213394;2.10287345898601e-19;-5.16002336667479e-20;-1.34142349764731e-19;5.02974239970369e-20;-0.158028688780258;9.20400421514969e-19;-1.31365627734828e-19;-3.41504150862496e-19;1.2804889062108e-19;1;-5.02857760973214e-18;7.72882769554352e-19;2.00922173086022e-18;-7.53368920988635e-19;-0.11727191439533;2.17907181397015e-19;-5.12248892619472e-20;-1.33166587120782e-19;4.99315563384701e-20;-0.256491876347579;9.39919046725742e-19;-1.5298773088017e-19;-3.97713968467264e-19;1.49125075985522e-19;0;0;0;0;0;0;0;0;0;0;0;0;0;0;0;0;0
"B.GUICHA";9.80061398540484e-19;-0.141267917213395;-1.56021503244804e-19;5.64059472851641e-20;2.57954676622518e-19;9.70327156141906e-19;-0.158028688780257;-4.38886429349566e-19;1.58669185229057e-19;7.25623100677628e-19;-5.02857760973215e-18;1;2.48012418178983e-18;-8.96631239600351e-19;-4.10045806502375e-18;5.98834364187127e-19;-0.117271914395331;-1.04140656628312e-19;3.76496333252359e-20;1.72178634644118e-19;1.2265400226064e-18;-0.256491876347579;-6.48457721556841e-19;2.34434813779497e-19;1.07211312792643e-18;0;0;0;0;0;0;0;0;0;0;0;0;0;0;0;0;0
"B.GUIGUI";-1.34262890900794e-19;-4.89230296752068e-19;-0.141267917213395;1.15234460752567e-37;1.3094607947565e-36;-1.47152815660569e-19;-2.52022557406658e-19;-0.158028688780258;-4.20885493905501e-39;1.51989396776951e-36;7.72882769554352e-19;2.48012418178983e-18;1;-6.83384328976578e-37;-1.08302259598509e-35;-8.24774610658178e-20;-4.6206441519367e-19;-0.11727191439533;1.48989325979525e-37;1.1226846020184e-36;-1.90693322649431e-19;-6.34020265976653e-19;-0.256491876347579;2.70953545726023e-37;2.72266232674981e-36;0;0;0;0;0;0;0;0;0;0;0;0;0;0;0;0;0
"B.GUILEP";-3.49036009952115e-19;1.76869840086107e-19;1.15234460752567e-37;-0.141267917213394;-2.97826761099625e-37;-3.82545253470933e-19;9.11128965694398e-20;-4.20885493905372e-39;-0.158028688780258;-2.04115634191611e-37;2.00922173086022e-18;-8.96631239600351e-19;-6.83384328976578e-37;1;2.1865015625932e-36;-2.14412215678156e-19;1.6704864716545e-19;1.48989325979521e-37;-0.11727191439533;-3.06851028615728e-37;-4.95735165655326e-19;2.29215287358769e-19;2.70953545726024e-37;-0.256491876347578;-6.51424483555772e-37;0;0;0;0;0;0;0;0;0;0;0;0;0;0;0;0;0
"B.GUIRHI";1.30873003295273e-19;8.0885801231262e-19;1.30946079475651e-36;-2.97826761099625e-37;-0.141267917213395;1.43437481493559e-19;4.16675880858622e-19;1.51989396776952e-36;-2.04115634191611e-37;-0.158028688780258;-7.53368920988635e-19;-4.10045806502375e-18;-1.08302259598509e-35;2.1865015625932e-36;1;8.03950589878791e-20;7.63943907225657e-19;1.12268460201839e-36;-3.0685102861573e-37;-0.11727191439533;1.8587867188057e-19;1.04824328237318e-18;2.7226623267498e-36;-6.51424483555768e-37;-0.25649187634758;0;0;0;0;0;0;0;0;0;0;0;0;0;0;0;0;0
"B.LEPSKE";0.180402453822293;-6.23104967723903e-19;9.90424247064498e-20;2.57475259944052e-19;-9.65417881889381e-20;-0.435739851868873;7.53132556433041e-19;-1.45142527433647e-19;-3.77319215383482e-19;1.41477949295338e-19;-0.11727191439533;5.98834364187126e-19;-8.24774610658178e-20;-2.14412215678156e-19;8.03950589878791e-20;1;-4.22975662736231e-18;6.64449509987694e-19;1.7273336230493e-18;-6.47673399006541e-19;-0.202637565812548;1.50103051413258e-18;-2.20679868379929e-19;-5.73689574381364e-19;2.15108113253919e-19;0;0;0;0;0;0;0;0;0;0;0;0;0;0;0;0;0
"B.LEPCHA";-5.72702470373743e-19;0.180402453822293;2.7397006388111e-19;-9.90475072961173e-20;-4.52962301752823e-19;1.87189676465017e-18;-0.435739851868873;-5.83801334850533e-19;2.11059800307907e-19;9.65214931347475e-19;2.17907181397015e-19;-0.117271914395331;-4.62064415193671e-19;1.6704864716545e-19;7.63943907225657e-19;-4.22975662736231e-18;1;2.37296582304381e-18;-8.57890626230478e-19;-3.92329017981013e-18;6.45081969574042e-19;-0.202637565812548;-5.66889852074267e-19;2.04945846871019e-19;9.37254708044707e-19;0;0;0;0;0;0;0;0;0;0;0;0;0;0;0;0;0
"B.LEPGUI";8.75986848812937e-20;3.72754115179386e-19;0.180402453822293;-8.16834458837047e-38;-9.35569176460976e-37;-2.70732234472923e-19;-9.59086369976794e-19;-0.435739851868872;2.23515362664013e-37;2.04702811585028e-36;-5.12248892619473e-20;-1.04140656628312e-19;-0.11727191439533;1.48989325979521e-37;1.12268460201839e-36;6.64449509987694e-19;2.37296582304381e-18;1;-8.94728805835337e-37;-9.82690942601779e-36;-1.11586836320201e-19;-5.39842569004362e-19;-0.202637565812548;1.97777195245926e-37;2.55643176175936e-36;0;0;0;0;0;0;0;0;0;0;0;0;0;0;0;0;0
"B.LEPLEP";2.27725585550001e-19;-1.34760584495501e-19;-8.16834458837036e-38;0.180402453822293;2.12123028683571e-37;-7.03808016138067e-19;3.46735380070967e-19;2.23515362664011e-37;-0.435739851868873;-5.10089860962757e-37;-1.33166587120782e-19;3.76496333252359e-20;1.48989325979525e-37;-0.11727191439533;-3.0685102861573e-37;1.7273336230493e-18;-8.57890626230478e-19;-8.94728805835336e-37;1;2.2657849841985e-36;-2.90086291536512e-19;1.95167530476679e-19;1.9777719524592e-37;-0.202637565812549;-5.5353646915975e-37;0;0;0;0;0;0;0;0;0;0;0;0;0;0;0;0;0
"B.LEPRHI";-8.53869814526935e-20;-6.16284712306241e-19;-9.35569176460976e-37;2.12123028683572e-37;0.180402453822292;2.6389675044679e-19;1.58568408376535e-18;2.04702811585029e-36;-5.10089860962763e-37;-0.435739851868873;4.993155633847e-20;1.72178634644117e-19;1.1226846020184e-36;-3.06851028615728e-37;-0.11727191439533;-6.47673399006541e-19;-3.92329017981013e-18;-9.82690942601778e-36;2.2657849841985e-36;1;1.08769476803782e-19;8.92536685126617e-19;2.55643176175934e-36;-5.53536469159751e-37;-0.202637565812548;0;0;0;0;0;0;0;0;0;0;0;0;0;0;0;0;0
"B.RHISKE";-0.0878230332881919;1.36841975786584e-20;-1.44974957286852e-20;-3.76883592293347e-20;1.41314609982245e-20;-0.217780590617303;9.18801712747166e-19;-1.35837439963325e-19;-3.53129280390221e-19;1.32407797930383e-19;-0.256491876347579;1.2265400226064e-18;-1.90693322649431e-19;-4.95735165655326e-19;1.8587867188057e-19;-0.202637565812548;6.45081969574042e-19;-1.11586836320201e-19;-2.90086291536512e-19;1.08769476803782e-19;1;-4.36117384444024e-18;6.84463906219173e-19;1.77936397153478e-18;-6.67182469058447e-19;0;0;0;0;0;0;0;0;0;0;0;0;0;0;0;0;0
"B.RHICHA";5.74283604365198e-19;-0.0878230332881917;-1.03466280535954e-19;3.74058283270467e-20;1.71063669955221e-19;3.72326132832051e-19;-0.217780590617302;-3.77859922393455e-19;1.36606470393122e-19;6.24726284919065e-19;9.39919046725742e-19;-0.256491876347579;-6.34020265976652e-19;2.29215287358769e-19;1.04824328237318e-18;1.50103051413258e-18;-0.202637565812548;-5.39842569004362e-19;1.95167530476679e-19;8.92536685126618e-19;-4.36117384444024e-18;1;2.43409870025069e-18;-8.79991796757668e-19;-4.02436286045315e-18;0;0;0;0;0;0;0;0;0;0;0;0;0;0;0;0;0
"B.RHIGUI";-7.92758762277052e-20;-2.5458672157155e-19;-0.0878230332881917;7.15292842193432e-38;5.95263887255855e-37;-6.69390047973271e-20;-3.45566553904493e-19;-0.217780590617303;5.89209078977984e-38;8.60351929685022e-37;-1.5298773088017e-19;-6.48457721556841e-19;-0.256491876347579;2.70953545726023e-37;2.7226623267498e-36;-2.20679868379929e-19;-5.66889852074267e-19;-0.202637565812548;1.9777719524592e-37;2.55643176175934e-36;6.84463906219173e-19;2.43409870025069e-18;1;-9.10817628576274e-37;-1.03236170565832e-35;0;0;0;0;0;0;0;0;0;0;0;0;0;0;0;0;0
"B.RHILEP";-2.06089227919434e-19;9.20399105111548e-20;7.15292842193442e-38;-0.0878230332881918;-1.55034450190878e-37;-1.74017727369566e-19;1.24931553777359e-19;5.89209078977925e-38;-0.217780590617301;-1.78449626453978e-37;-3.97713968467264e-19;2.34434813779497e-19;2.70953545726022e-37;-0.256491876347578;-6.51424483555768e-37;-5.73689574381364e-19;2.04945846871019e-19;1.97777195245926e-37;-0.202637565812549;-5.53536469159751e-37;1.77936397153478e-18;-8.79991796757668e-19;-9.10817628576273e-37;1;2.35041219320803e-36;0;0;0;0;0;0;0;0;0;0;0;0;0;0;0;0;0
"B.RHIRHI";7.72743081962247e-20;4.20915284557504e-19;5.95263887255857e-37;-1.55034450190878e-37;-0.0878230332881919;6.52489197621697e-20;5.71334763542981e-19;8.60351929684997e-37;-1.78449626453972e-37;-0.217780590617302;1.49125075985522e-19;1.07211312792643e-18;2.72266232674981e-36;-6.51424483555772e-37;-0.25649187634758;2.15108113253919e-19;9.37254708044706e-19;2.55643176175935e-36;-5.5353646915975e-37;-0.202637565812548;-6.67182469058447e-19;-4.02436286045314e-18;-1.03236170565832e-35;2.35041219320803e-36;1;0;0;0;0;0;0;0;0;0;0;0;0;0;0;0;0;0
"B.ASTAST";0;0;0;0;0;0;0;0;0;0;0;0;0;0;0;0;0;0;0;0;0;0;0;0;0;1;8.05489918568065e-35;7.4737548044385e-18;0.00227032495352176;-7.36721292488723e-36;6.33243953648653e-19;-0.13457344657031;-1.17712227312678e-35;-1.55919595831115e-18;0;0;0;0;0;0;0;0
"B.ASTNIT";0;0;0;0;0;0;0;0;0;0;0;0;0;0;0;0;0;0;0;0;0;0;0;0;0;8.05489918568065e-35;1;1.06488580966047e-17;-7.36721292488722e-36;0.00227032495352178;9.02267358160147e-19;-1.17712227312678e-35;-0.134573446570309;-2.22159502677214e-18;0;0;0;0;0;0;0;0
"B.ASTPSE";0;0;0;0;0;0;0;0;0;0;0;0;0;0;0;0;0;0;0;0;0;0;0;0;0;7.4737548044385e-18;1.06488580966047e-17;1;-1.20363719702619e-18;-1.71498290301348e-18;0.00227032495352177;-6.25017217383387e-19;-8.90545626663817e-19;-0.13457344657031;0;0;0;0;0;0;0;0
"B.NITAST";0;0;0;0;0;0;0;0;0;0;0;0;0;0;0;0;0;0;0;0;0;0;0;0;0;0.00227032495352176;-7.36721292488721e-36;-1.20363719702619e-18;1;5.60783896308051e-35;6.15402724026967e-18;-0.0246969492617611;-7.49824159459372e-37;-4.43843191767124e-20;0;0;0;0;0;0;0;0
"B.NITNIT";0;0;0;0;0;0;0;0;0;0;0;0;0;0;0;0;0;0;0;0;0;0;0;0;0;-7.36721292488723e-36;0.00227032495352178;-1.71498290301348e-18;5.60783896308051e-35;1;8.76846572024982e-18;-7.49824159459369e-37;-0.0246969492617611;-6.32402760051109e-20;0;0;0;0;0;0;0;0
"B.NITPSE";0;0;0;0;0;0;0;0;0;0;0;0;0;0;0;0;0;0;0;0;0;0;0;0;0;6.33243953648653e-19;9.02267358160147e-19;0.00227032495352177;6.15402724026967e-18;8.76846572024982e-18;1;-1.49775091830451e-19;-2.13404605990178e-19;-0.0246969492617611;0;0;0;0;0;0;0;0
"B.PSEAST";0;0;0;0;0;0;0;0;0;0;0;0;0;0;0;0;0;0;0;0;0;0;0;0;0;-0.13457344657031;-1.17712227312678e-35;-6.25017217383387e-19;-0.0246969492617611;-7.4982415945937e-37;-1.49775091830451e-19;1;5.96358079967201e-35;6.46477784016384e-18;0;0;0;0;0;0;0;0
"B.PSENIT";0;0;0;0;0;0;0;0;0;0;0;0;0;0;0;0;0;0;0;0;0;0;0;0;0;-1.17712227312678e-35;-0.134573446570309;-8.90545626663816e-19;-7.49824159459373e-37;-0.0246969492617611;-2.13404605990178e-19;5.96358079967201e-35;1;9.21123366331139e-18;0;0;0;0;0;0;0;0
"B.PSEPSE";0;0;0;0;0;0;0;0;0;0;0;0;0;0;0;0;0;0;0;0;0;0;0;0;0;-1.55919595831115e-18;-2.22159502677214e-18;-0.13457344657031;-4.43843191767124e-20;-6.32402760051109e-20;-0.0246969492617611;6.46477784016384e-18;9.21123366331139e-18;1;0;0;0;0;0;0;0;0
"B.GYMGYM";0;0;0;0;0;0;0;0;0;0;0;0;0;0;0;0;0;0;0;0;0;0;0;0;0;0;0;0;0;0;0;0;0;0;1;0;-0.29806312964971;0;0;0;0;0
"B.GYMPRP";0;0;0;0;0;0;0;0;0;0;0;0;0;0;0;0;0;0;0;0;0;0;0;0;0;0;0;0;0;0;0;0;0;0;0;1;0;-0.298063129649709;0;0;0;0
"B.PRPGYM";0;0;0;0;0;0;0;0;0;0;0;0;0;0;0;0;0;0;0;0;0;0;0;0;0;0;0;0;0;0;0;0;0;0;-0.29806312964971;0;1;0;0;0;0;0
"B.PRPPRP";0;0;0;0;0;0;0;0;0;0;0;0;0;0;0;0;0;0;0;0;0;0;0;0;0;0;0;0;0;0;0;0;0;0;0;-0.298063129649709;0;1;0;0;0;0
"B.CRYCRY";0;0;0;0;0;0;0;0;0;0;0;0;0;0;0;0;0;0;0;0;0;0;0;0;0;0;0;0;0;0;0;0;0;0;0;0;0;0;1;2.32419584524983e-19;-0.27545783921106;-6.96535350591308e-20
"B.CRYEUG";0;0;0;0;0;0;0;0;0;0;0;0;0;0;0;0;0;0;0;0;0;0;0;0;0;0;0;0;0;0;0;0;0;0;0;0;0;0;2.32419584524983e-19;1;-4.08676510761512e-20;-0.27545783921106
"B.EUGCRY";0;0;0;0;0;0;0;0;0;0;0;0;0;0;0;0;0;0;0;0;0;0;0;0;0;0;0;0;0;0;0;0;0;0;0;0;0;0;-0.27545783921106;-4.08676510761512e-20;1;3.18123428335208e-19
"B.EUGEUG";0;0;0;0;0;0;0;0;0;0;0;0;0;0;0;0;0;0;0;0;0;0;0;0;0;0;0;0;0;0;0;0;0;0;0;0;0;0;-6.96535350591308e-20;-0.27545783921106;3.18123428335208e-19;1
